           1           1   1.0000000000000000     
           2           1   1.0000000000000000     
           3           1   1.0000000000000000     
           4           1   1.0000000000000000     
           5           1   1.0000000000000000     
           6           1   1.0000000000000000     
           7           1   1.0000000000000000     
           8           1   1.0000000000000000     
           9           1   1.0000000000000000     
          10           1   1.0000000000000000     
          11           1   1.0000000000000000     
          12           1   1.0000000000000000     
          13           1   1.0000000000000000     
          14           1   1.0000000000000000     
          15           1   1.0000000000000000     
          16           1   1.0000000000000000     
          17           1   1.0000000000000000     
          18           1   1.0000000000000000     
          19           1   1.0000000000000000     
          20           1   1.0000000000000000     
          21           1   1.0000000000000000     
          22           1   1.0000000000000000     
          23           1   1.0000000000000000     
          24           1   1.0000000000000000     
          25           1   1.0000000000000000     
          26           1   1.0000000000000000     
          27           1   1.0000000000000000     
          28           1   1.0000000000000000     
          29           1   1.0000000000000000     
          30           1   1.0000000000000000     
          31           1   1.0000000000000000     
          32           1   1.0000000000000000     
          33           1   1.0000000000000000     
          34           1   1.0000000000000000     
          35           1   1.0000000000000000     
          36           1   1.0000000000000000     
          37           1   1.0000000000000000     
          38           1   1.0000000000000000     
          39           1   1.0000000000000000     
          40           1   1.0000000000000000     
           1           2   1.0000000000000000     
           2           2  0.98391420189055900     
           3           2  0.96948406872492954     
           4           2  0.95819485261521198     
           5           2  0.95120852011282042     
           6           2  0.94924415433264453     
           7           2  0.95250394179579634     
           8           2  0.96065236195239101     
           9           2  0.97285072134693862     
          10           2  0.98784347792400862     
          11           2   1.0040874703616156     
          12           2   1.0199107512286463     
          13           2   1.0336846757261677     
          14           2   1.0439915334133241     
          15           2   1.0497704690663097     
          16           2   1.0504266734560090     
          17           2   1.0458926053515416     
          18           2   1.0366349433449396     
          19           2   1.0236065519656281     
          20           2   1.0081484060744272     
          21           2  0.99185156817717335     
          22           2  0.97639342493618120     
          23           2  0.96336503858450884     
          24           2  0.95410738346549573     
          25           2  0.94957332339964751     
          26           2  0.95022953615160421     
          27           2  0.95600847962978242     
          28           2  0.96631534379964179     
          29           2  0.98008927277013080     
          30           2  0.99591255564000403     
          31           2   1.0121565474041816     
          32           2   1.0271493007008643     
          33           2   1.0393476545457079     
          34           2   1.0474960674544964     
          35           2   1.0507558467177363     
          36           2   1.0487914726295355     
          37           2   1.0418051325661277     
          38           2   1.0305159104206358     
          39           2   1.0160857733657191     
          40           2  0.99999997391379103     
           1           3   1.0000000000000000     
           2           3  0.96948406872492954     
           3           3  0.94210905450577087     
           4           3  0.92069258883774996     
           5           3  0.90743900694785640     
           6           3  0.90371246190861676     
           7           3  0.90989651628503554     
           8           3  0.92535466314273496     
           9           3  0.94849583987639974     
          10           3  0.97693819170855423     
          11           3   1.0077542291526549     
          12           3   1.0377721460877833     
          13           3   1.0639022846419703     
          14           3   1.0834551447924774     
          15           3   1.0944182068693329     
          16           3   1.0956630744178515     
          17           3   1.0870616168009486     
          18           3   1.0694991573171697     
          19           3   1.0447833494193668     
          20           3   1.0154581201428015     
          21           3  0.98454183101060855     
          22           3  0.95521660676168230     
          23           3  0.93050080840167693     
          24           3  0.91293836198415645     
          25           3  0.90433691961709983     
          26           3  0.90558180302942992     
          27           3  0.91654487995124589     
          28           3  0.93609775239991322     
          29           3  0.96222789943964582     
          30           3  0.99224582017431251     
          31           3   1.0230618563408684     
          32           3   1.0515042019498895     
          33           3   1.0746453681553609     
          34           3   1.0901035012634441     
          35           3   1.0962875400840322     
          36           3   1.0925609792838640     
          37           3   1.0793073830501716     
          38           3   1.0578909059318469     
          39           3   1.0305158843344269     
          40           3  0.99999995051256063     
           1           4   1.0000000000000000     
           2           4  0.95819485261521198     
           3           4  0.92069258883774996     
           4           4  0.89135320883841540     
           5           4  0.87319653063354630     
           6           4  0.86809136890024752     
           7           4  0.87656318325555538     
           8           4  0.89773999420904416     
           9           4  0.92944213350435056     
          10           4  0.96840659110504601     
          11           4   1.0106228674347220     
          12           4   1.0517457625659790     
          13           4   1.0875426151540930     
          14           4   1.1143289580979792     
          15           4   1.1293477501440190     
          16           4   1.1310531502142724     
          17           4   1.1192696263834794     
          18           4   1.0952100228753758     
          19           4   1.0613507254943431     
          20           4   1.0211767743555480     
          21           4  0.97882315872731041     
          22           4  0.93864921447610417     
          23           4  0.90478993016132980     
          24           4  0.88073034455328114     
          25           4  0.86894684161393876     
          26           4  0.87065226341674162     
          27           4  0.88567107579956084     
          28           4  0.91245743559125003     
          29           4  0.94825429980409492     
          30           4  0.98937720014051023     
          31           4   1.0315934747200204     
          32           4   1.0705579237953651     
          33           4   1.1022600486676257     
          34           4   1.1234368407848965     
          35           4   1.1319086338295719     
          36           4   1.1268034505046680     
          37           4   1.1086467526495831     
          38           4   1.0793073569639626     
          39           4   1.0418050830786882     
          40           4  0.99999993220493000     
           1           5   1.0000000000000000     
           2           5  0.95120852011282042     
           3           5  0.90743900694785640     
           4           5  0.87319653063354630     
           5           5  0.85200557079080652     
           6           5  0.84604725198048492     
           7           5  0.85593484682425613     
           8           5  0.88065065361717099     
           9           5  0.91765074543769043     
          10           5  0.96312680923051830     
          11           5   1.0123981245183700     
          12           5   1.0603933365010316     
          13           5   1.1021724360219878     
          14           5   1.1334352205056346     
          15           5   1.1509639014429187     
          16           5   1.1529543021096471     
          17           5   1.1392015562886997     
          18           5   1.1111211945606529     
          19           5   1.0716034478115570     
          20           5   1.0247157640788520     
          21           5  0.97528415782104372     
          22           5  0.92839648212695791     
          23           5  0.88887875062770838     
          24           5  0.86079840979111222     
          25           5  0.84704568835292293     
          26           5  0.84903611438406967     
          27           5  0.86656481905674565     
          28           5  0.89782762320374243     
          29           5  0.93960673629211444     
          30           5  0.98760195434980269     
          31           5   1.0368732675950068     
          32           5   1.0823493214377566     
          33           5   1.1193493964249006     
          34           5   1.1440651812337534     
          35           5   1.1539527512055323     
          36           5   1.1479944071952910     
          37           5   1.1268034244184590     
          38           5   1.0925609297964245     
          39           5   1.0487914048344655     
          40           5  0.99999992087525091     
           1           6   1.0000000000000000     
           2           6  0.94924415433264453     
           3           6  0.90371246190861676     
           4           6  0.86809136890024752     
           5           6  0.84604725198048492     
           6           6  0.83984904871481503     
           7           6  0.85013472234210052     
           8           6  0.87584559805290241     
           9           6  0.91433532934333872     
          10           6  0.96164227885101439     
          11           6   1.0128972782968280     
          12           6   1.0628247979743790     
          13           6   1.1062859418525735     
          14           6   1.1388073793669273     
          15           6   1.1570417724712627     
          16           6   1.1591123075173460     
          17           6   1.1448058702868207     
          18           6   1.1155949812248811     
          19           6   1.0744862331451617     
          20           6   1.0257108312770526     
          21           6  0.97428908747849952     
          22           6  0.92551369397264782     
          23           6  0.88440496175674033     
          24           6  0.85519409442735017     
          25           6  0.84088768256124302     
          26           6  0.84295824399292696     
          27           6  0.86119266178825127     
          28           6  0.89371411975761006     
          29           6  0.93717527774945020     
          30           6  0.98710280374661097     
          31           6   1.0383578010675389     
          32           6   1.0856647402245423     
          33           6   1.1241544540038844     
          34           6   1.1498653068455365     
          35           6   1.1601509545994726     
          36           6   1.1539527251193236     
          37           6   1.1319085843421324     
          38           6   1.0962874722889620     
          39           6   1.0507557675929873     
          40           6  0.99999991768965479     
           1           7   1.0000000000000000     
           2           7  0.95250394179579634     
           3           7  0.90989651628503554     
           4           7  0.87656318325555538     
           5           7  0.85593484682425613     
           6           7  0.85013472234210052     
           7           7  0.85975979994346141     
           8           7  0.88381939806826826     
           9           7  0.91983713146622637     
          10           7  0.96410579840964838     
          11           7   1.0120689523070234     
          12           7   1.0587898836483696     
          13           7   1.0994597413193183     
          14           7   1.1298924938182013     
          15           7   1.1469557854413546     
          16           7   1.1488933406484363     
          17           7   1.1355057324535274     
          18           7   1.1081709088713294     
          19           7   1.0697023646903767     
          20           7   1.0240595565448094     
          21           7  0.97594036742865686     
          22           7  0.93029756710828204     
          23           7  0.89182903777228961     
          24           7  0.86449423452687113     
          25           7  0.85110665006735420     
          26           7  0.85304422996542473     
          27           7  0.87010754469379137     
          28           7  0.90054031633395915     
          29           7  0.94121018721210659     
          30           7  0.98793112446718645     
          31           7   1.0358942763761465     
          32           7   1.0801629336336667     
          33           7   1.1161806506451781     
          34           7   1.1402402273696035     
          35           7   1.1498652807593275     
          36           7   1.1440651317463140     
          37           7   1.1234367729898265     
          38           7   1.0901034221386949     
          39           7   1.0474959851441512     
          40           7  0.99999992297602580     
           1           8   1.0000000000000000     
           2           8  0.96065236195239101     
           3           8  0.92535466314273496     
           4           8  0.89773999420904416     
           5           8  0.88065065361717099     
           6           8  0.87584559805290241     
           7           8  0.88381939806826826     
           8           8  0.90375133335678537     
           9           8  0.93358986713457792     
          10           8  0.97026380492223541     
          11           8   1.0099984037611900     
          12           8   1.0487038956519630     
          13           8   1.0823964356139979     
          14           8   1.1076081473937458     
          15           8   1.1217440619953749     
          16           8   1.1233492103775360     
          17           8   1.1122583792329450     
          18           8   1.0896131159190230     
          19           8   1.0577442322709769     
          20           8   1.0199319008419809     
          21           8  0.98006803617459171     
          22           8  0.94225571122829865     
          23           8  0.91038683987841285     
          24           8  0.88774159341229364     
          25           8  0.87665078193105284     
          26           8  0.87825595076821861     
          27           8  0.89239188451113249     
          28           8  0.91760361214828789     
          29           8  0.95129616305169540     
          30           8  0.99000165984164223     
          31           8   1.0297362570333142     
          32           8   1.0664101867967823     
          33           8   1.0962487069993858     
          34           8   1.1161806245589694     
          35           8   1.1241544045164449     
          36           8   1.1193493286298306     
          37           8   1.1022599695428767     
          38           8   1.0746452858450157     
          39           8   1.0393475775217336     
          40           8  0.99999993619025307     
           1           9   1.0000000000000000     
           2           9  0.97285072134693862     
           3           9  0.94849583987639974     
           4           9  0.92944213350435056     
           5           9  0.91765074543769043     
           6           9  0.91433532934333872     
           7           9  0.91983713146622637     
           8           9  0.93358986713457792     
           9           9  0.95417800681279430     
          10           9  0.97948247248611964     
          11           9   1.0068987482671750     
          12           9   1.0336049557268181     
          13           9   1.0568523017263902     
          14           9   1.0742480037911712     
          15           9   1.0840015723299270     
          16           9   1.0851091005798836     
          17           9   1.0774565938430316     
          18           9   1.0618317026325925     
          19           9   1.0398426520706272     
          20           9   1.0137527119007594     
          21           9  0.98624724464162261     
          22           9  0.96015730894472262     
          23           9  0.93816826686830268     
          24           9  0.92254338728259444     
          25           9  0.91489089411315816     
          26           9  0.91599843647676060     
          27           9  0.92575201822271513     
          28           9  0.94314773122886875     
          29           9  0.96639508477782343     
          30           9  0.99310129561782312     
          31           9   1.0205175702622782     
          32           9   1.0458220303990335     
          33           9   1.0664101607105734     
          34           9   1.0801628841462274     
          35           9   1.0856646724294723     
          36           9   1.0823492423130074     
          37           9   1.0705578414850199     
          38           9   1.0515041249259154     
          39           9   1.0271492368911175     
          40           9  0.99999995597223401     
           1          10   1.0000000000000000     
           2          10  0.98784347792400862     
           3          10  0.97693819170855423     
           4          10  0.96840659110504601     
           5          10  0.96312680923051830     
           6          10  0.96164227885101439     
           7          10  0.96410579840964838     
           8          10  0.97026380492223541     
           9          10  0.97948247248611964     
          10          10  0.99081295015773385     
          11          10   1.0030890244517476     
          12          10   1.0150471543416022     
          13          10   1.0254565239039917     
          14          10   1.0332457266625714     
          15          10   1.0376130423756800     
          16          10   1.0381089557954226     
          17          10   1.0346824239795311     
          18          10   1.0276861299946358     
          19          10   1.0178401822623750     
          20          10   1.0061579958702689     
          21          10  0.99384198467089024     
          22          10  0.98215980028162664     
          23          10  0.97231385634890422     
          24          10  0.96531756756916709     
          25          10  0.96189104182830232     
          26          10  0.96238696156765458     
          27          10  0.96675428319449686     
          28          10  0.97454349085225067     
          29          10  0.98495286379499647     
          30          10  0.99691099519845938     
          31          10   1.0091870689835423     
          32          10   1.0205175441760692     
          33          10   1.0297362075458749     
          34          10   1.0358942085810765     
          35          10   1.0383577219427900     
          36          10   1.0368731852846615     
          37          10   1.0315933976960461     
          38          10   1.0230617925311214     
          39          10   1.0121565033764155     
          40          10  0.99999998028586623     
           1          11   1.0000000000000000     
           2          11   1.0040874703616156     
           3          11   1.0077542291526549     
           4          11   1.0106228674347220     
           5          11   1.0123981245183700     
           6          11   1.0128972782968280     
           7          11   1.0120689523070234     
           8          11   1.0099984037611900     
           9          11   1.0068987482671750     
          10          11   1.0030890244517476     
          11          11  0.99896135623216109     
          12          11  0.99494059262892109     
          13          11  0.99144057927778340     
          14          11  0.98882156248850051     
          15          11  0.98735311012806715     
          16          11  0.98718636577532759     
          17          11  0.98833849194702683     
          18          11  0.99069090360931367     
          19          11  0.99400147379427750     
          20          11  0.99792945503250585     
          21          11   1.0020705515102730     
          22          11   1.0059985320750719     
          23          11   1.0093091009824910     
          24          11   1.0116615108946121     
          25          11   1.0128136350236636     
          26          11   1.0126468885460385     
          27          11   1.0111784341971901     
          28          11   1.0085594157606246     
          29          11   1.0050594012728866     
          30          11   1.0010386371607156     
          31          11  0.99691096911225041     
          32          11  0.99310124613038375     
          33          11  0.99000159204657212     
          34          11  0.98793104534243747     
          35          11  0.98710272143626576     
          36          11  0.98760187732582860     
          37          11  0.98937713633076330     
          38          11  0.99224577614654641     
          39          11  0.99591253592587037     
          40          11   1.0000000066286177     
           1          12   1.0000000000000000     
           2          12   1.0199107512286463     
           3          12   1.0377721460877833     
           4          12   1.0517457625659790     
           5          12   1.0603933365010316     
           6          12   1.0628247979743790     
           7          12   1.0587898836483696     
           8          12   1.0487038956519630     
           9          12   1.0336049557268181     
          10          12   1.0150471543416022     
          11          12  0.99494059262892109     
          12          12  0.97535478116834229     
          13          12  0.95830563121343004     
          14          12  0.94554796274327901     
          15          12  0.93839488588814801     
          16          12  0.93758264627967125     
          17          12  0.94319484540511001     
          18          12  0.95465383574666862     
          19          12  0.97078017637944447     
          20          12  0.98991402943428164     
          21          12   1.0100860024366876     
          22          12   1.0292198522111373     
          23          12   1.0453461866207798     
          24          12   1.0568051684369877     
          25          12   1.0624173576123483     
          26          12   1.0616051076531992     
          27          12   1.0544520211121662     
          28          12   1.0416943446178262     
          29          12   1.0246451891263437     
          30          12   1.0050593751866777     
          31          12  0.98495281430755710     
          32          12  0.96639501698275343     
          33          12  0.95129608392694631     
          34          12  0.94121010490176138     
          35          12  0.93717520072547611     
          36          12  0.93960667248236740     
          37          12  0.94825425577632882     
          38          12  0.96222787972551216     
          39          12  0.98008927939874857     
          40          12   1.0000000322891045     
           1          13   1.0000000000000000     
           2          13   1.0336846757261677     
           3          13   1.0639022846419703     
           4          13   1.0875426151540930     
           5          13   1.1021724360219878     
           6          13   1.1062859418525735     
           7          13   1.0994597413193183     
           8          13   1.0823964356139979     
           9          13   1.0568523017263902     
          10          13   1.0254565239039917     
          11          13  0.99144057927778340     
          12          13  0.95830563121343004     
          13          13  0.92946216463383802     
          14          13  0.90787895461307755     
          15          13  0.89577749889488323     
          16          13  0.89440336551793043     
          17          13  0.90389799007931304     
          18          13  0.92328411817524081     
          19          13  0.95056639138667265     
          20          13  0.98293672378362618     
          21          13   1.0170633301351459     
          22          13   1.0494336569823952     
          23          13   1.0767159196656340     
          24          13   1.0961020333385161     
          25          13   1.1055966410665232     
          26          13   1.1042224901784761     
          27          13   1.0921210180738350     
          28          13   1.0705377944778856     
          29          13   1.0416943185316172     
          30          13   1.0085593662731851     
          31          13  0.97454342305718067     
          32          13  0.94314765210411977     
          33          13  0.91760352983794269     
          34          13  0.90054023930998495     
          35          13  0.89371405594786313     
          36          13  0.89782757917597633     
          37          13  0.91245741587711626     
          38          13  0.93609775902853098     
          39          13  0.96631537608874629     
          40          13   1.0000000546261667     
           1          14   1.0000000000000000     
           2          14   1.0439915334133241     
           3          14   1.0834551447924774     
           4          14   1.1143289580979792     
           5          14   1.1334352205056346     
           6          14   1.1388073793669273     
           7          14   1.1298924938182013     
           8          14   1.1076081473937458     
           9          14   1.0742480037911712     
          10          14   1.0332457266625714     
          11          14  0.98882156248850051     
          12          14  0.94554796274327901     
          13          14  0.90787895461307755     
          14          14  0.87969170078544223     
          15          14  0.86388743424285996     
          16          14  0.86209284269452502     
          17          14  0.87449263828806123     
          18          14  0.89981054571931707     
          19          14  0.93544066557942251     
          20          14  0.97771569208753706     
          21          14   1.0222843783293341     
          22          14   1.0645593975896426     
          23          14   1.1001895037001317     
          24          14   1.1255073922951695     
          25          14   1.1379071659046438     
          26          14   1.1361125514871591     
          27          14   1.1203082635441952     
          28          14   1.0921209919876262     
          29          14   1.0544519716247269     
          30          14   1.0111783664021201     
          31          14  0.96675420406974788     
          32          14  0.92575193591236993     
          33          14  0.89239180748715841     
          34          14  0.87010748088404433     
          35          14  0.86119261776048528     
          36          14  0.86656479934261199     
          37          14  0.88567108242817849     
          38          14  0.91654491224035051     
          39          14  0.95600853425594912     
          40          14   1.0000000713407147     
           1          15   1.0000000000000000     
           2          15   1.0497704690663097     
           3          15   1.0944182068693329     
           4          15   1.1293477501440190     
           5          15   1.1509639014429187     
           6          15   1.1570417724712627     
           7          15   1.1469557854413546     
           8          15   1.1217440619953749     
           9          15   1.0840015723299270     
          10          15   1.0376130423756800     
          11          15  0.98735311012806715     
          12          15  0.93839488588814801     
          13          15  0.89577749889488323     
          14          15  0.86388743424285996     
          15          15  0.84600704458508402     
          16          15  0.84397670701299077     
          17          15  0.85800539833452905     
          18          15  0.88664918569224282     
          19          15  0.92695984642018159     
          20          15  0.97478832012513028     
          21          15   1.0252117595420336     
          22          15   1.0730402250470703     
          23          15   1.1133508702191781     
          24          15   1.1419946362662592     
          25          15   1.1560233027158053     
          26          15   1.1539929392703629     
          27          15   1.1361125254009501     
          28          15   1.1042224406910366     
          29          15   1.0616050398581292     
          30          15   1.0126468094212895     
          31          15  0.96238687925730937     
          32          15  0.91599835945278651     
          33          15  0.87825588695847157     
          34          15  0.85304418593765874     
          35          15  0.84295822427879319     
          36          15  0.84903612101268733     
          37          15  0.87065229570584624     
          38          15  0.90558185765559662     
          39          15  0.95022960749231877     
          40          15   1.0000000807123679     
           1          16   1.0000000000000000     
           2          16   1.0504266734560090     
           3          16   1.0956630744178515     
           4          16   1.1310531502142724     
           5          16   1.1529543021096471     
           6          16   1.1591123075173460     
           7          16   1.1488933406484363     
           8          16   1.1233492103775360     
           9          16   1.0851091005798836     
          10          16   1.0381089557954226     
          11          16  0.98718636577532759     
          12          16  0.93758264627967125     
          13          16  0.89440336551793043     
          14          16  0.86209284269452502     
          15          16  0.84397670701299077     
          16          16  0.84191960022508805     
          17          16  0.85613325441717247     
          18          16  0.88515469903539346     
          19          16  0.92599684023795070     
          20          16  0.97445591387467800     
          21          16   1.0255441668428666     
          22          16   1.0740032321715691     
          23          16   1.1148453576131980     
          24          16   1.1438667806398140     
          25          16   1.1580804096319786     
          26          16   1.1560232766295964     
          27          16   1.1379071164172043     
          28          16   1.1055965732714532     
          29          16   1.0624172784875991     
          30          16   1.0128135527133184     
          31          16  0.96189096480432812     
          32          16  0.91489083030341112     
          33          16  0.87665073790328674     
          34          16  0.85110663035322043     
          35          16  0.84088768918986079     
          36          16  0.84704572064202743     
          37          16  0.86894689624010557     
          38          16  0.90433699095781450     
          39          16  0.94957340411201541     
          40          16   1.0000000817765293     
           1          17   1.0000000000000000     
           2          17   1.0458926053515416     
           3          17   1.0870616168009486     
           4          17   1.1192696263834794     
           5          17   1.1392015562886997     
           6          17   1.1448058702868207     
           7          17   1.1355057324535274     
           8          17   1.1122583792329450     
           9          17   1.0774565938430316     
          10          17   1.0346824239795311     
          11          17  0.98833849194702683     
          12          17  0.94319484540511001     
          13          17  0.90389799007931304     
          14          17  0.87449263828806123     
          15          17  0.85800539833452905     
          16          17  0.85613325441717247     
          17          17  0.86906890092595246     
          18          17  0.89548090896288024     
          19          17  0.93265076648988998     
          20          17  0.97675268695568696     
          21          17   1.0232473865042135     
          22          17   1.0673492994089944     
          23          17   1.1045191425922050     
          24          17   1.1309311309789172     
          25          17   1.1438667545536050     
          26          17   1.1419945867788199     
          27          17   1.1255073245000995     
          28          17   1.0961019542137669     
          29          17   1.0568050861266425     
          30          17   1.0116614338706378     
          31          17  0.96531750375942016     
          32          17  0.92254334325482845     
          33          17  0.88774157369815998     
          34          17  0.86449424115548890     
          35          17  0.85519412671645467     
          36          17  0.86079846441727892     
          37          17  0.88073041589399570     
          38          17  0.91293844269652435     
          39          17  0.95410746524202494     
          40          17   1.0000000744236677     
           1          18   1.0000000000000000     
           2          18   1.0366349433449396     
           3          18   1.0694991573171697     
           4          18   1.0952100228753758     
           5          18   1.1111211945606529     
           6          18   1.1155949812248811     
           7          18   1.1081709088713294     
           8          18   1.0896131159190230     
           9          18   1.0618317026325925     
          10          18   1.0276861299946358     
          11          18  0.99069090360931367     
          12          18  0.95465383574666862     
          13          18  0.92328411817524081     
          14          18  0.89981054571931707     
          15          18  0.88664918569224282     
          16          18  0.88515469903539346     
          17          18  0.89548090896288024     
          18          18  0.91656496838044887     
          19          18  0.94623675568061649     
          20          18  0.98144223911942552     
          21          18   1.0185578195218148     
          22          18   1.0537632969248496     
          23          18   1.0834350727747135     
          24          18   1.1045191165059962     
          25          18   1.1148453081257585     
          26          18   1.1133508024241081     
          27          18   1.1001894245753825     
          28          18   1.0767158373552888     
          29          18   1.0453461095968055     
          30          18   1.0093090371727440     
          31          18  0.97231381232113812     
          32          18  0.93816824715416902     
          33          18  0.91038684650703050     
          34          18  0.89182907006139422     
          35          18  0.88440501638290703     
          36          18  0.88887882196842294     
          37          18  0.90479001087369770     
          38          18  0.93050089017820614     
          39          18  0.96336511300817651     
          40          18   1.0000000594105918     
           1          19   1.0000000000000000     
           2          19   1.0236065519656281     
           3          19   1.0447833494193668     
           4          19   1.0613507254943431     
           5          19   1.0716034478115570     
           6          19   1.0744862331451617     
           7          19   1.0697023646903767     
           8          19   1.0577442322709769     
           9          19   1.0398426520706272     
          10          19   1.0178401822623750     
          11          19  0.99400147379427750     
          12          19  0.97078017637944447     
          13          19  0.95056639138667265     
          14          19  0.93544066557942251     
          15          19  0.92695984642018159     
          16          19  0.92599684023795070     
          17          19  0.93265076648988998     
          18          19  0.94623675568061649     
          19          19  0.96535644100998452     
          20          19  0.98804188824674422     
          21          19   1.0119581495400614     
          22          19   1.0346435928875339     
          23          19   1.0537632708386406     
          24          19   1.0673492499215549     
          25          19   1.0740031643764991     
          26          19   1.0730401459223211     
          27          19   1.0645593152792974     
          28          19   1.0494335799584211     
          29          19   1.0292197884013903     
          30          19   1.0059984880473058     
          31          19  0.98215978056749298     
          32          19  0.96015731557334028     
          33          19  0.94225574351740315     
          34          19  0.93029762173444874     
          35          19  0.92551376531336249     
          36          19  0.92839656283932581     
          37          19  0.93864929625263349     
          38          19  0.95521668118534997     
          39          19  0.97639348434677309     
          40          19   1.0000000382825547     
           1          20   1.0000000000000000     
           2          20   1.0081484060744272     
           3          20   1.0154581201428015     
           4          20   1.0211767743555480     
           5          20   1.0247157640788520     
           6          20   1.0257108312770526     
           7          20   1.0240595565448094     
           8          20   1.0199319008419809     
           9          20   1.0137527119007594     
          10          20   1.0061579958702689     
          11          20  0.99792945503250585     
          12          20  0.98991402943428164     
          13          20  0.98293672378362618     
          14          20  0.97771569208753706     
          15          20  0.97478832012513028     
          16          20  0.97445591387467800     
          17          20  0.97675268695568696     
          18          20  0.98144223911942552     
          19          20  0.98804188824674422     
          20          20  0.99587235143062047     
          21          20   1.0041276616124635     
          22          20   1.0119581234538526     
          23          20   1.0185577700343753     
          24          20   1.0232473187091435     
          25          20   1.0255440877181174     
          26          20   1.0252116772316884     
          27          20   1.0222843013053597     
          28          20   1.0170632663253991     
          29          20   1.0100859584089215     
          30          20   1.0020705317961391     
          31          20  0.99384199129950801     
          32          20  0.98624727693072711     
          33          20  0.98006809080075841     
          34          20  0.97594043876937142     
          35          20  0.97428916819086753     
          36          20  0.97528423959757293     
          37          20  0.97882323315097797     
          38          20  0.98454189042120033     
          39          20  0.99185160645972814     
          40          20   1.0000000132142044     
           1          21   1.0000000000000000     
           2          21  0.99185156817717335     
           3          21  0.98454183101060855     
           4          21  0.97882315872731041     
           5          21  0.97528415782104372     
           6          21  0.97428908747849952     
           7          21  0.97594036742865686     
           8          21  0.98006803617459171     
           9          21  0.98624724464162261     
          10          21  0.99384198467089024     
          11          21   1.0020705515102730     
          12          21   1.0100860024366876     
          13          21   1.0170633301351459     
          14          21   1.0222843783293341     
          15          21   1.0252117595420336     
          16          21   1.0255441668428666     
          17          21   1.0232473865042135     
          18          21   1.0185578195218148     
          19          21   1.0119581495400614     
          20          21   1.0041276616124635     
          21          21  0.99587232534441150     
          22          21  0.98804183875930485     
          23          21  0.98144217132435552     
          24          21  0.97675260783093787     
          25          21  0.97445583156433291     
          26          21  0.97478824310115608     
          27          21  0.97771562827779013     
          28          21  0.98293667975586008     
          29          21  0.98991400972014787     
          30          21  0.99792946166112351     
          31          21   1.0061580281593734     
          32          21   1.0137527665269261     
          33          21   1.0199319721826954     
          34          21   1.0240596372571773     
          35          21   1.0257109130535820     
          36          21   1.0247158385025197     
          37          21   1.0211768337661400     
          38          21   1.0154581584253564     
          39          21   1.0081484192886316     
          40          21  0.99999998678575386     
           1          22   1.0000000000000000     
           2          22  0.97639342493618120     
           3          22  0.95521660676168230     
           4          22  0.93864921447610417     
           5          22  0.92839648212695791     
           6          22  0.92551369397264782     
           7          22  0.93029756710828204     
           8          22  0.94225571122829865     
           9          22  0.96015730894472262     
          10          22  0.98215980028162664     
          11          22   1.0059985320750719     
          12          22   1.0292198522111373     
          13          22   1.0494336569823952     
          14          22   1.0645593975896426     
          15          22   1.0730402250470703     
          16          22   1.0740032321715691     
          17          22   1.0673492994089944     
          18          22   1.0537632969248496     
          19          22   1.0346435928875339     
          20          22   1.0119581234538526     
          21          22  0.98804183875930485     
          22          22  0.96535637321491452     
          23          22  0.94623667655586741     
          24          22  0.93265068417954478     
          25          22  0.92599676321397650     
          26          22  0.92695978261043455     
          27          22  0.93544062155165641     
          28          22  0.95056637167253888     
          29          22  0.97078018300806224     
          30          22  0.99400150608338200     
          31          22   1.0178402368885417     
          32          22   1.0398427234113417     
          33          22   1.0577443129833448     
          34          22   1.0697024464669060     
          35          22   1.0744863075688293     
          36          22   1.0716035072221488     
          37          22   1.0613507637768980     
          38          22   1.0447833626335712     
          39          22   1.0236065387513820     
          40          22  0.99999996171740779     
           1          23   1.0000000000000000     
           2          23  0.96336503858450884     
           3          23  0.93050080840167693     
           4          23  0.90478993016132980     
           5          23  0.88887875062770838     
           6          23  0.88440496175674033     
           7          23  0.89182903777228961     
           8          23  0.91038683987841285     
           9          23  0.93816826686830268     
          10          23  0.97231385634890422     
          11          23   1.0093091009824910     
          12          23   1.0453461866207798     
          13          23   1.0767159196656340     
          14          23   1.1001895037001317     
          15          23   1.1133508702191781     
          16          23   1.1148453576131980     
          17          23   1.1045191425922050     
          18          23   1.0834350727747135     
          19          23   1.0537632708386406     
          20          23   1.0185577700343753     
          21          23  0.98144217132435552     
          22          23  0.94623667655586741     
          23          23  0.91656488607010378     
          24          23  0.89548083193890604     
          25          23  0.88515463522564652     
          26          23  0.88664914166447684     
          27          23  0.89981052600518341     
          28          23  0.92328412480385857     
          29          23  0.95465386803577312     
          30          23  0.99069095823548037     
          31          23   1.0276862013353503     
          32          23   1.0618317833449604     
          33          23   1.0896131976955523     
          34          23   1.1081709832949971     
          35          23   1.1155950406354729     
          36          23   1.1111212328432076     
          37          23   1.0952100360895800     
          38          23   1.0694991441029236     
          39          23   1.0366349050623473     
          40          23  0.99999994058937880     
           1          24   1.0000000000000000     
           2          24  0.95410738346549573     
           3          24  0.91293836198415645     
           4          24  0.88073034455328114     
           5          24  0.86079840979111222     
           6          24  0.85519409442735017     
           7          24  0.86449423452687113     
           8          24  0.88774159341229364     
           9          24  0.92254338728259444     
          10          24  0.96531756756916709     
          11          24   1.0116615108946121     
          12          24   1.0568051684369877     
          13          24   1.0961020333385161     
          14          24   1.1255073922951695     
          15          24   1.1419946362662592     
          16          24   1.1438667806398140     
          17          24   1.1309311309789172     
          18          24   1.1045191165059962     
          19          24   1.0673492499215549     
          20          24   1.0232473187091435     
          21          24  0.97675260783093787     
          22          24  0.93265068417954478     
          23          24  0.89548083193890604     
          24          24  0.86906883711620542     
          25          24  0.85613321038940637     
          26          24  0.85800537862039539     
          27          24  0.87449264491667900     
          28          24  0.90389802236841765     
          29          24  0.94319490003127671     
          30          24  0.98833856328774139     
          31          24   1.0346825046918990     
          32          24   1.0774566756195609     
          33          24   1.1122584536566127     
          34          24   1.1355057918641192     
          35          24   1.1448059085693754     
          36          24   1.1392015695029041     
          37          24   1.1192696131692335     
          38          24   1.0870615785183564     
          39          24   1.0458925459409205     
          40          24  0.99999992557631423     
           1          25   1.0000000000000000     
           2          25  0.94957332339964751     
           3          25  0.90433691961709983     
           4          25  0.86894684161393876     
           5          25  0.84704568835292293     
           6          25  0.84088768256124302     
           7          25  0.85110665006735420     
           8          25  0.87665078193105284     
           9          25  0.91489089411315816     
          10          25  0.96189104182830232     
          11          25   1.0128136350236636     
          12          25   1.0624173576123483     
          13          25   1.1055966410665232     
          14          25   1.1379071659046438     
          15          25   1.1560233027158053     
          16          25   1.1580804096319786     
          17          25   1.1438667545536050     
          18          25   1.1148453081257585     
          19          25   1.0740031643764991     
          20          25   1.0255440877181174     
          21          25  0.97445583156433291     
          22          25  0.92599676321397650     
          23          25  0.88515463522564652     
          24          25  0.85613321038940637     
          25          25  0.84191958051095428     
          26          25  0.84397671364160853     
          27          25  0.86209287498362952     
          28          25  0.89440342014409713     
          29          25  0.93758271762038592     
          30          25  0.98718644648769549     
          31          25   1.0381090375719519     
          32          25   1.0851091750035513     
          33          25   1.1233492697881278     
          34          25   1.1488933789309910     
          35          25   1.1591123207315503     
          36          25   1.1529542888954012     
          37          25   1.1310531119316802     
          38          25   1.0956630150072302     
          39          25   1.0504265990323232     
          40          25  0.99999991822346568     
           1          26   1.0000000000000000     
           2          26  0.95022953615160421     
           3          26  0.90558180302942992     
           4          26  0.87065226341674162     
           5          26  0.84903611438406967     
           6          26  0.84295824399292696     
           7          26  0.85304422996542473     
           8          26  0.87825595076821861     
           9          26  0.91599843647676060     
          10          26  0.96238696156765458     
          11          26   1.0126468885460385     
          12          26   1.0616051076531992     
          13          26   1.1042224901784761     
          14          26   1.1361125514871591     
          15          26   1.1539929392703629     
          16          26   1.1560232766295964     
          17          26   1.1419945867788199     
          18          26   1.1133508024241081     
          19          26   1.0730401459223211     
          20          26   1.0252116772316884     
          21          26  0.97478824310115608     
          22          26  0.92695978261043455     
          23          26  0.88664914166447684     
          24          26  0.85800537862039539     
          25          26  0.84397671364160853     
          26          26  0.84600707687418852     
          27          26  0.86388748886902667     
          28          26  0.89577757023559779     
          29          26  0.93839496660051591     
          30          26  0.98735319190459636     
          31          26   1.0376131167993476     
          32          26   1.0840016317405188     
          33          26   1.1217441002779296     
          34          26   1.1469557986555590     
          35          26   1.1570417592570168     
          36          26   1.1509638631603265     
          37          26   1.1293476907333979     
          38          26   1.0944181324456472     
          39          26   1.0497703872897755     
          40          26  0.99999991928764054     
           1          27   1.0000000000000000     
           2          27  0.95600847962978242     
           3          27  0.91654487995124589     
           4          27  0.88567107579956084     
           5          27  0.86656481905674565     
           6          27  0.86119266178825127     
           7          27  0.87010754469379137     
           8          27  0.89239188451113249     
           9          27  0.92575201822271513     
          10          27  0.96675428319449686     
          11          27   1.0111784341971901     
          12          27   1.0544520211121662     
          13          27   1.0921210180738350     
          14          27   1.1203082635441952     
          15          27   1.1361125254009501     
          16          27   1.1379071164172043     
          17          27   1.1255073245000995     
          18          27   1.1001894245753825     
          19          27   1.0645593152792974     
          20          27   1.0222843013053597     
          21          27  0.97771562827779013     
          22          27  0.93544062155165641     
          23          27  0.89981052600518341     
          24          27  0.87449264491667900     
          25          27  0.86209287498362952     
          26          27  0.86388748886902667     
          27          27  0.87969177212615679     
          28          27  0.90787903532544545     
          29          27  0.94554804451980834     
          30          27  0.98882163691216807     
          31          27   1.0332457860731634     
          32          27   1.0742480420737259     
          33          27   1.1076081606079500     
          34          27   1.1298924806039554     
          35          27   1.1388073410843351     
          36          27   1.1334351610950135     
          37          27   1.1143288836742935     
          38          27   1.0834550630159430     
          39          27   1.0439914527009646     
          40          27  0.99999992865930654     
           1          28   1.0000000000000000     
           2          28  0.96631534379964179     
           3          28  0.93609775239991322     
           4          28  0.91245743559125003     
           5          28  0.89782762320374243     
           6          28  0.89371411975761006     
           7          28  0.90054031633395915     
           8          28  0.91760361214828789     
           9          28  0.94314773122886875     
          10          28  0.97454349085225067     
          11          28   1.0085594157606246     
          12          28   1.0416943446178262     
          13          28   1.0705377944778856     
          14          28   1.0921209919876262     
          15          28   1.1042224406910366     
          16          28   1.1055965732714532     
          17          28   1.0961019542137669     
          18          28   1.0767158373552888     
          19          28   1.0494335799584211     
          20          28   1.0170632663253991     
          21          28  0.98293667975586008     
          22          28  0.95056637167253888     
          23          28  0.92328412480385857     
          24          28  0.90389802236841765     
          25          28  0.89440342014409713     
          26          28  0.89577757023559779     
          27          28  0.90787903532544545     
          28          28  0.92946224641036723     
          29          28  0.95830570563709760     
          30          28  0.99144063868837529     
          31          28   1.0254565621865463     
          32          28   1.0568523149405946     
          33          28   1.0823964223997518     
          34          28   1.0994597030367261     
          35          28   1.1062858824419521     
          36          28   1.1021723615983021     
          37          28   1.0875425333775586     
          38          28   1.0639022039296109     
          39          28   1.0336846043854742     
          40          28  0.99999994537386494     
           1          29   1.0000000000000000     
           2          29  0.98008927277013080     
           3          29  0.96222789943964582     
           4          29  0.94825429980409492     
           5          29  0.93960673629211444     
           6          29  0.93717527774945020     
           7          29  0.94121018721210659     
           8          29  0.95129616305169540     
           9          29  0.96639508477782343     
          10          29  0.98495286379499647     
          11          29   1.0050594012728866     
          12          29   1.0246451891263437     
          13          29   1.0416943185316172     
          14          29   1.0544519716247269     
          15          29   1.0616050398581292     
          16          29   1.0624172784875991     
          17          29   1.0568050861266425     
          18          29   1.0453461095968055     
          19          29   1.0292197884013903     
          20          29   1.0100859584089215     
          21          29  0.98991400972014787     
          22          29  0.97078018300806224     
          23          29  0.95465386803577312     
          24          29  0.94319490003127671     
          25          29  0.93758271762038592     
          26          29  0.93839496660051591     
          27          29  0.94554804451980834     
          28          29  0.95830570563709760     
          29          29  0.97535484057893418     
          30          29  0.99494063091147589     
          31          29   1.0150471675558064     
          32          29   1.0336049425125722     
          33          29   1.0487038573693708     
          34          29   1.0587898242377485     
          35          29   1.0628247235506931     
          36          29   1.0603932547244974     
          37          29   1.0517456818536195     
          38          29   1.0377720747470898     
          39          29   1.0199106966025113     
          40          29  0.99999996771093436     
           1          30   1.0000000000000000     
           2          30  0.99591255564000403     
           3          30  0.99224582017431251     
           4          30  0.98937720014051023     
           5          30  0.98760195434980269     
           6          30  0.98710280374661097     
           7          30  0.98793112446718645     
           8          30  0.99000165984164223     
           9          30  0.99310129561782312     
          10          30  0.99691099519845938     
          11          30   1.0010386371607156     
          12          30   1.0050593751866777     
          13          30   1.0085593662731851     
          14          30   1.0111783664021201     
          15          30   1.0126468094212895     
          16          30   1.0128135527133184     
          17          30   1.0116614338706378     
          18          30   1.0093090371727440     
          19          30   1.0059984880473058     
          20          30   1.0020705317961391     
          21          30  0.99792946166112351     
          22          30  0.99400150608338200     
          23          30  0.99069095823548037     
          24          30  0.98833856328774139     
          25          30  0.98718644648769549     
          26          30  0.98735319190459636     
          27          30  0.98882163691216807     
          28          30  0.99144063868837529     
          29          30  0.99494063091147589     
          30          30  0.99896136944636549     
          31          30   1.0030890112375015     
          32          30   1.0068987099845828     
          33          30   1.0099983443505689     
          34          30   1.0120688778833378     
          35          30   1.0128971965202938     
          36          30   1.0123980438060105     
          37          30   1.0106227960940284     
          38          30   1.0077541745265199     
          39          30   1.0040874380725500     
          40          30  0.99999999337142442     
           1          31   1.0000000000000000     
           2          31   1.0121565474041816     
           3          31   1.0230618563408684     
           4          31   1.0315934747200204     
           5          31   1.0368732675950068     
           6          31   1.0383578010675389     
           7          31   1.0358942763761465     
           8          31   1.0297362570333142     
           9          31   1.0205175702622782     
          10          31   1.0091870689835423     
          11          31  0.99691096911225041     
          12          31  0.98495281430755710     
          13          31  0.97454342305718067     
          14          31  0.96675420406974788     
          15          31  0.96238687925730937     
          16          31  0.96189096480432812     
          17          31  0.96531750375942016     
          18          31  0.97231381232113812     
          19          31  0.98215978056749298     
          20          31  0.99384199129950801     
          21          31   1.0061580281593734     
          22          31   1.0178402368885417     
          23          31   1.0276862013353503     
          24          31   1.0346825046918990     
          25          31   1.0381090375719519     
          26          31   1.0376131167993476     
          27          31   1.0332457860731634     
          28          31   1.0254565621865463     
          29          31   1.0150471675558064     
          30          31   1.0030890112375015     
          31          31  0.99081291187514164     
          32          31  0.97948241307549844     
          33          31  0.97026373049854964     
          34          31  0.96410571663311406     
          35          31  0.96164219813865504     
          36          31  0.96312673788982484     
          37          31  0.96840653647891095     
          38          31  0.97693815941948858     
          39          31  0.98784347129543315     
          40          31   1.0000000197141747     
           1          32   1.0000000000000000     
           2          32   1.0271493007008643     
           3          32   1.0515042019498895     
           4          32   1.0705579237953651     
           5          32   1.0823493214377566     
           6          32   1.0856647402245423     
           7          32   1.0801629336336667     
           8          32   1.0664101867967823     
           9          32   1.0458220303990335     
          10          32   1.0205175441760692     
          11          32  0.99310124613038375     
          12          32  0.96639501698275343     
          13          32  0.94314765210411977     
          14          32  0.92575193591236993     
          15          32  0.91599835945278651     
          16          32  0.91489083030341112     
          17          32  0.92254334325482845     
          18          32  0.93816824715416902     
          19          32  0.96015731557334028     
          20          32  0.98624727693072711     
          21          32   1.0137527665269261     
          22          32   1.0398427234113417     
          23          32   1.0618317833449604     
          24          32   1.0774566756195609     
          25          32   1.0851091750035513     
          26          32   1.0840016317405188     
          27          32   1.0742480420737259     
          28          32   1.0568523149405946     
          29          32   1.0336049425125722     
          30          32   1.0068987099845828     
          31          32  0.97948241307549844     
          32          32  0.95417793238910853     
          33          32  0.93358978535804360     
          34          32  0.91983705075386690     
          35          32  0.91433525800264526     
          36          32  0.91765069081155537     
          37          32  0.92944210121528492     
          38          32  0.94849583324782416     
          39          32  0.97285074106111347     
          40          32   1.0000000440278018     
           1          33   1.0000000000000000     
           2          33   1.0393476545457079     
           3          33   1.0746453681553609     
           4          33   1.1022600486676257     
           5          33   1.1193493964249006     
           6          33   1.1241544540038844     
           7          33   1.1161806506451781     
           8          33   1.0962487069993858     
           9          33   1.0664101607105734     
          10          33   1.0297362075458749     
          11          33  0.99000159204657212     
          12          33  0.95129608392694631     
          13          33  0.91760352983794269     
          14          33  0.89239180748715841     
          15          33  0.87825588695847157     
          16          33  0.87665073790328674     
          17          33  0.88774157369815998     
          18          33  0.91038684650703050     
          19          33  0.94225574351740315     
          20          33  0.98006809080075841     
          21          33   1.0199319721826954     
          22          33   1.0577443129833448     
          23          33   1.0896131976955523     
          24          33   1.1122584536566127     
          25          33   1.1233492697881278     
          26          33   1.1217441002779296     
          27          33   1.1076081606079500     
          28          33   1.0823964223997518     
          29          33   1.0487038573693708     
          30          33   1.0099983443505689     
          31          33  0.97026373049854964     
          32          33  0.93358978535804360     
          33          33  0.90375125264442591     
          34          33  0.88381932672757479     
          35          33  0.87584554342676735     
          36          33  0.88065062132810534     
          37          33  0.89773998758046869     
          38          33  0.92535468285690980     
          39          33  0.96065240598019286     
          40          33   1.0000000638097737     
           1          34   1.0000000000000000     
           2          34   1.0474960674544964     
           3          34   1.0901035012634441     
           4          34   1.1234368407848965     
           5          34   1.1440651812337534     
           6          34   1.1498653068455365     
           7          34   1.1402402273696035     
           8          34   1.1161806245589694     
           9          34   1.0801628841462274     
          10          34   1.0358942085810765     
          11          34  0.98793104534243747     
          12          34  0.94121010490176138     
          13          34  0.90054023930998495     
          14          34  0.87010748088404433     
          15          34  0.85304418593765874     
          16          34  0.85110663035322043     
          17          34  0.86449424115548890     
          18          34  0.89182907006139422     
          19          34  0.93029762173444874     
          20          34  0.97594043876937142     
          21          34   1.0240596372571773     
          22          34   1.0697024464669060     
          23          34   1.1081709832949971     
          24          34   1.1355057918641192     
          25          34   1.1488933789309910     
          26          34   1.1469557986555590     
          27          34   1.1298924806039554     
          28          34   1.0994597030367261     
          29          34   1.0587898242377485     
          30          34   1.0120688778833378     
          31          34  0.96410571663311406     
          32          34  0.91983705075386690     
          33          34  0.88381932672757479     
          34          34  0.85975974531732635     
          35          34  0.85013469005303488     
          36          34  0.85593484019568056     
          37          34  0.87656320296973023     
          38          34  0.90989656031283728     
          39          34  0.95250400560557003     
          40          34   1.0000000770239892     
           1          35   1.0000000000000000     
           2          35   1.0507558467177363     
           3          35   1.0962875400840322     
           4          35   1.1319086338295719     
           5          35   1.1539527512055323     
           6          35   1.1601509545994726     
           7          35   1.1498652807593275     
           8          35   1.1241544045164449     
           9          35   1.0856646724294723     
          10          35   1.0383577219427900     
          11          35  0.98710272143626576     
          12          35  0.93717520072547611     
          13          35  0.89371405594786313     
          14          35  0.86119261776048528     
          15          35  0.84295822427879319     
          16          35  0.84088768918986079     
          17          35  0.85519412671645467     
          18          35  0.88440501638290703     
          19          35  0.92551376531336249     
          20          35  0.97428916819086753     
          21          35   1.0257109130535820     
          22          35   1.0744863075688293     
          23          35   1.1155950406354729     
          24          35   1.1448059085693754     
          25          35   1.1591123207315503     
          26          35   1.1570417592570168     
          27          35   1.1388073410843351     
          28          35   1.1062858824419521     
          29          35   1.0628247235506931     
          30          35   1.0128971965202938     
          31          35  0.96164219813865504     
          32          35  0.91433525800264526     
          33          35  0.87584554342676735     
          34          35  0.85013469005303488     
          35          35  0.83984904208623956     
          36          35  0.84604727169465965     
          37          35  0.86809141292804926     
          38          35  0.90371252571839045     
          39          35  0.94924423135663361     
          40          35   1.0000000823103470     
           1          36   1.0000000000000000     
           2          36   1.0487914726295355     
           3          36   1.0925609792838640     
           4          36   1.1268034505046680     
           5          36   1.1479944071952910     
           6          36   1.1539527251193236     
           7          36   1.1440651317463140     
           8          36   1.1193493286298306     
           9          36   1.0823492423130074     
          10          36   1.0368731852846615     
          11          36  0.98760187732582860     
          12          36  0.93960667248236740     
          13          36  0.89782757917597633     
          14          36  0.86656479934261199     
          15          36  0.84903612101268733     
          16          36  0.84704572064202743     
          17          36  0.86079846441727892     
          18          36  0.88887882196842294     
          19          36  0.92839656283932581     
          20          36  0.97528423959757293     
          21          36   1.0247158385025197     
          22          36   1.0716035072221488     
          23          36   1.1111212328432076     
          24          36   1.1392015695029041     
          25          36   1.1529542888954012     
          26          36   1.1509638631603265     
          27          36   1.1334351610950135     
          28          36   1.1021723615983021     
          29          36   1.0603932547244974     
          30          36   1.0123980438060105     
          31          36  0.96312673788982484     
          32          36  0.91765069081155537     
          33          36  0.88065062132810534     
          34          36  0.85593484019568056     
          35          36  0.84604727169465965     
          36          36  0.85200561481860826     
          37          36  0.87319659444331998     
          38          36  0.90743908397184558     
          39          36  0.95120860242316729     
          40          36   1.0000000791247372     
           1          37   1.0000000000000000     
           2          37   1.0418051325661277     
           3          37   1.0793073830501716     
           4          37   1.1086467526495831     
           5          37   1.1268034244184590     
           6          37   1.1319085843421324     
           7          37   1.1234367729898265     
           8          37   1.1022599695428767     
           9          37   1.0705578414850199     
          10          37   1.0315933976960461     
          11          37  0.98937713633076330     
          12          37  0.94825425577632882     
          13          37  0.91245741587711626     
          14          37  0.88567108242817849     
          15          37  0.87065229570584624     
          16          37  0.86894689624010557     
          17          37  0.88073041589399570     
          18          37  0.90479001087369770     
          19          37  0.93864929625263349     
          20          37  0.97882323315097797     
          21          37   1.0211768337661400     
          22          37   1.0613507637768980     
          23          37   1.0952100360895800     
          24          37   1.1192696131692335     
          25          37   1.1310531119316802     
          26          37   1.1293476907333979     
          27          37   1.1143288836742935     
          28          37   1.0875425333775586     
          29          37   1.0517456818536195     
          30          37   1.0106227960940284     
          31          37  0.96840653647891095     
          32          37  0.92944210121528492     
          33          37  0.89773998758046869     
          34          37  0.87656320296973023     
          35          37  0.86809141292804926     
          36          37  0.87319659444331998     
          37          37  0.89135328586240459     
          38          37  0.92069267114809683     
          39          37  0.95819493173994919     
          40          37   1.0000000677950460     
           1          38   1.0000000000000000     
           2          38   1.0305159104206358     
           3          38   1.0578909059318469     
           4          38   1.0793073569639626     
           5          38   1.0925609297964245     
           6          38   1.0962874722889620     
           7          38   1.0901034221386949     
           8          38   1.0746452858450157     
           9          38   1.0515041249259154     
          10          38   1.0230617925311214     
          11          38  0.99224577614654641     
          12          38  0.96222787972551216     
          13          38  0.93609775902853098     
          14          38  0.91654491224035051     
          15          38  0.90558185765559662     
          16          38  0.90433699095781450     
          17          38  0.91293844269652435     
          18          38  0.93050089017820614     
          19          38  0.95521668118534997     
          20          38  0.98454189042120033     
          21          38   1.0154581584253564     
          22          38   1.0447833626335712     
          23          38   1.0694991441029236     
          24          38   1.0870615785183564     
          25          38   1.0956630150072302     
          26          38   1.0944181324456472     
          27          38   1.0834550630159430     
          28          38   1.0639022039296109     
          29          38   1.0377720747470898     
          30          38   1.0077541745265199     
          31          38  0.97693815941948858     
          32          38  0.94849583324782416     
          33          38  0.92535468285690980     
          34          38  0.90989656031283728     
          35          38  0.90371252571839045     
          36          38  0.90743908397184558     
          37          38  0.92069267114809683     
          38          38  0.94210913363050819     
          39          38  0.96948413651997556     
          40          38   1.0000000494874055     
           1          39   1.0000000000000000     
           2          39   1.0160857733657191     
           3          39   1.0305158843344269     
           4          39   1.0418050830786882     
           5          39   1.0487914048344655     
           6          39   1.0507557675929873     
           7          39   1.0474959851441512     
           8          39   1.0393475775217336     
           9          39   1.0271492368911175     
          10          39   1.0121565033764155     
          11          39  0.99591253592587037     
          12          39  0.98008927939874857     
          13          39  0.96631537608874629     
          14          39  0.95600853425594912     
          15          39  0.95022960749231877     
          16          39  0.94957340411201541     
          17          39  0.95410746524202494     
          18          39  0.96336511300817651     
          19          39  0.97639348434677309     
          20          39  0.99185160645972814     
          21          39   1.0081484192886316     
          22          39   1.0236065387513820     
          23          39   1.0366349050623473     
          24          39   1.0458925459409205     
          25          39   1.0504265990323232     
          26          39   1.0497703872897755     
          27          39   1.0439914527009646     
          28          39   1.0336846043854742     
          29          39   1.0199106966025113     
          30          39   1.0040874380725500     
          31          39  0.98784347129543315     
          32          39  0.97285074106111347     
          33          39  0.96065240598019286     
          34          39  0.95250400560557003     
          35          39  0.94924423135663361     
          36          39  0.95120860242316729     
          37          39  0.95819493173994919     
          38          39  0.96948413651997556     
          39          39  0.98391425137796451     
          40          39   1.0000000260861688     
           1          40   1.0000000000000000     
           2          40  0.99999997391379103     
           3          40  0.99999995051256063     
           4          40  0.99999993220493000     
           5          40  0.99999992087525091     
           6          40  0.99999991768965479     
           7          40  0.99999992297602580     
           8          40  0.99999993619025307     
           9          40  0.99999995597223401     
          10          40  0.99999998028586623     
          11          40   1.0000000066286177     
          12          40   1.0000000322891045     
          13          40   1.0000000546261667     
          14          40   1.0000000713407147     
          15          40   1.0000000807123679     
          16          40   1.0000000817765293     
          17          40   1.0000000744236677     
          18          40   1.0000000594105918     
          19          40   1.0000000382825547     
          20          40   1.0000000132142044     
          21          40  0.99999998678575386     
          22          40  0.99999996171740779     
          23          40  0.99999994058937880     
          24          40  0.99999992557631423     
          25          40  0.99999991822346568     
          26          40  0.99999991928764054     
          27          40  0.99999992865930654     
          28          40  0.99999994537386494     
          29          40  0.99999996771093436     
          30          40  0.99999999337142442     
          31          40   1.0000000197141747     
          32          40   1.0000000440278018     
          33          40   1.0000000638097737     
          34          40   1.0000000770239892     
          35          40   1.0000000823103470     
          36          40   1.0000000791247372     
          37          40   1.0000000677950460     
          38          40   1.0000000494874055     
          39          40   1.0000000260861688     
          40          40  0.99999999999995770     
