1.6000000000000001 1.6000000000000001 1.5405175733502141
1.6000000000000001 0.2000000000000002 -1.8161783548267625
1.6000000000000001 3.0000000000000000 2.4563201838203077
0.2000000000000002 1.6000000000000001 -1.8161783546883923
3.0000000000000000 1.6000000000000001 2.4563201837114574
1.6000000000000001 0.9000000000000001 0.5987114371062383
1.6000000000000001 2.2999999999999998 2.0852166046961371
0.2000000000000002 0.2000000000000002 -7.3368989626194381
0.2000000000000002 3.0000000000000000 -0.4830039464907582
3.0000000000000000 0.2000000000000002 -0.4830039462311097
3.0000000000000000 3.0000000000000000 3.3197991004985825
0.9000000000000001 1.6000000000000001 0.5987114371402751
1.6000000000000001 0.5500000000000003 -0.2099863206784485
1.6000000000000001 1.2500000000000000 1.1430384438675887
1.6000000000000001 1.9500000000000002 1.8431253861900481
1.6000000000000001 2.6499999999999999 2.2857870774645259
0.2000000000000002 0.9000000000000001 -3.1765039052694104
0.2000000000000002 2.2999999999999998 -1.0297033474257560
3.0000000000000000 0.9000000000000001 1.6042761428534449
3.0000000000000000 2.2999999999999998 2.9703928133283055
0.9000000000000001 0.2000000000000002 -3.1765039055416224
0.9000000000000001 3.0000000000000000 1.6042761428516972
2.2999999999999998 1.6000000000000001 2.0852166046679415
2.2999999999999998 0.2000000000000002 -1.0297033474614075
2.2999999999999998 3.0000000000000000 2.9703928133301187
1.6000000000000001 0.3750000000000002 -0.8276839608638095
1.6000000000000001 0.7250000000000001 0.2418840718570884
1.6000000000000001 1.0750000000000002 0.8935436246322755
1.6000000000000001 1.4250000000000000 1.3566736706199829
1.6000000000000001 1.7750000000000001 1.7010387693241187
1.6000000000000001 2.1250000000000000 1.9703085527110735
1.6000000000000001 2.4750000000000001 2.1898551494458665
1.6000000000000001 2.8250000000000002 2.3742681147824207
0.2000000000000002 0.5500000000000003 -4.4656872699213190
0.2000000000000002 1.2500000000000000 -2.3818632757000935
0.2000000000000002 1.9500000000000002 -1.3810893140572713
0.2000000000000002 2.6499999999999999 -0.7356533734373580
3.0000000000000000 0.5500000000000003 0.8968792937420212
3.0000000000000000 1.2500000000000000 2.0886646401129036
3.0000000000000000 1.9500000000000002 2.7420870015985619
3.0000000000000000 2.6499999999999999 3.1593357356583134
0.9000000000000001 0.9000000000000001 -0.4315694764586614
0.9000000000000001 2.2999999999999998 1.1927057335256990
2.2999999999999998 0.9000000000000001 1.1927057336659712
2.2999999999999998 2.2999999999999998 2.6119634866294037
0.5500000000000003 1.6000000000000001 -0.2099863206137030
0.5500000000000003 0.2000000000000002 -4.4656872699203980
0.5500000000000003 3.0000000000000000 0.8968792842918056
1.2500000000000000 1.6000000000000001 1.1430384439088723
1.2500000000000000 0.2000000000000002 -2.3818632743636838
1.2500000000000000 3.0000000000000000 2.0886646401083571
1.9500000000000002 1.6000000000000001 1.8431253860316026
1.9500000000000002 0.2000000000000002 -1.3810893140378488
2.6499999999999999 1.6000000000000001 2.2857870771657138
2.6499999999999999 0.2000000000000002 -0.7356533735378744
1.6000000000000001 0.2875000000000001 -1.2491749025991776
1.6000000000000001 0.4625000000000001 -0.4908695489916374
1.6000000000000001 0.6375000000000002 0.0309503763048056
1.6000000000000001 0.8125000000000001 0.4295776204715617
1.6000000000000001 0.9875000000000002 0.7525809953183408
1.6000000000000001 1.1625000000000001 1.0231724597280130
1.6000000000000001 1.3375000000000001 1.2539666705809991
1.6000000000000001 1.5125000000000002 1.4518874570306819
1.6000000000000001 1.6875000000000000 1.6233491938703857
1.6000000000000001 1.8625000000000000 1.7741403228389290
1.6000000000000001 2.0375000000000001 1.9083983722409297
1.6000000000000001 2.2124999999999999 2.0291594987997077
1.6000000000000001 2.3875000000000002 2.1387131389626566
1.6000000000000001 2.5625000000000000 2.2388254806431691
1.6000000000000001 2.7374999999999998 2.3308885718415682
1.6000000000000001 2.9125000000000001 2.4160433350164712
0.2000000000000002 0.3750000000000002 -5.5524033440579910
0.2000000000000002 0.7250000000000001 -3.7274188848124417
0.2000000000000002 1.0750000000000002 -2.7405612503344003
0.2000000000000002 1.4250000000000000 -2.0783778842418310
0.2000000000000002 1.7750000000000001 -1.5859305105913022
0.2000000000000002 2.1250000000000000 -1.1968940047951029
0.2000000000000002 2.4750000000000001 -0.8766884313048334
0.2000000000000002 2.8250000000000002 -0.6048714093062001
3.0000000000000000 0.3750000000000002 0.3642576575547728
3.0000000000000000 0.7250000000000001 1.2905975222170085
3.0000000000000000 1.0750000000000002 1.8652654342148294
3.0000000000000000 1.4250000000000000 2.2840812007969284
3.0000000000000000 1.7750000000000001 2.6079435474116233
3.0000000000000000 2.1250000000000000 2.8620651315512777
3.0000000000000000 2.4750000000000001 3.0689860465985026
3.0000000000000000 2.8250000000000002 3.2426231725894095
0.9000000000000001 0.5500000000000003 -1.3416921871927610
0.9000000000000001 1.2500000000000000 0.1705559590783548
0.9000000000000001 1.9500000000000002 0.9273858006120355
0.9000000000000001 2.6499999999999999 1.4143793167987897
2.2999999999999998 0.5500000000000003 0.4425003626221018
2.2999999999999998 1.2500000000000000 1.7033931817717733
2.2999999999999998 1.9500000000000002 2.3779508536541458
2.2999999999999998 2.6499999999999999 2.8057467190614855
0.5500000000000003 0.9000000000000001 -1.3416921874052514
0.5500000000000003 2.2999999999999998 0.4425003629008682
1.2500000000000000 0.9000000000000001 0.1705559591398392
1.2500000000000000 2.2999999999999998 1.7033931547806729
1.9500000000000002 3.0000000000000000 2.7420870051326673
1.9500000000000002 0.9000000000000001 0.9273858006078095
1.9500000000000002 2.2999999999999998 2.3779508536258578
2.6499999999999999 3.0000000000000000 3.1593357356290697
2.6499999999999999 0.9000000000000001 1.4143793171779513
2.6499999999999999 2.2999999999999998 2.8057467190722924
0.3750000000000002 1.6000000000000001 -0.8276839608371105
0.3750000000000002 0.2000000000000002 -5.5524033438907772
0.3750000000000002 3.0000000000000000 0.3642576574256604
0.7250000000000001 1.6000000000000001 0.2418840720229677
0.7250000000000001 0.2000000000000002 -3.7274188846434475
0.7250000000000001 3.0000000000000000 1.2905975222255628
1.0750000000000002 1.6000000000000001 0.8935436245802728
1.0750000000000002 0.2000000000000002 -2.7405612515546096
1.0750000000000002 3.0000000000000000 1.8652654331707108
1.4250000000000000 1.6000000000000001 1.3566736707206055
1.4250000000000000 0.2000000000000002 -2.0783778841721192
1.4250000000000000 3.0000000000000000 2.2840812002868507
1.7750000000000001 1.6000000000000001 1.7010387694788174
1.7750000000000001 0.2000000000000002 -1.5859305103771120
2.1250000000000000 1.6000000000000001 1.9703085527109869
2.1250000000000000 0.2000000000000002 -1.1968940052222024
2.4750000000000001 1.6000000000000001 2.1898551494489786
2.8250000000000002 1.6000000000000001 2.3742681156574488
1.6000000000000001 0.2437500000000001 -1.5082255112478105
1.6000000000000001 0.3312500000000003 -1.0251954785463462
1.6000000000000001 0.4187500000000002 -0.6509129061601024
1.6000000000000001 0.5062500000000001 -0.3446281610345746
1.6000000000000001 0.5937500000000002 -0.0852421002507512
1.6000000000000001 0.6812500000000001 0.1396894666973324
1.6000000000000001 0.7687500000000002 0.3382998645796034
1.6000000000000001 0.8562500000000002 0.5162351816747315
1.6000000000000001 0.9437500000000001 0.6773841608918023
1.6000000000000001 1.0312500000000000 0.8245858290618180
1.6000000000000001 1.1187500000000001 0.9596465141484880
1.6000000000000001 1.2062500000000000 1.0842733406160230
1.6000000000000001 1.2937500000000002 1.1995771246962506
1.6000000000000001 1.3812500000000001 1.3063089309273703
1.6000000000000001 1.4687500000000000 1.4051585094458574
1.6000000000000001 1.5562500000000001 1.4969730230261808
1.6000000000000001 1.6437500000000000 1.5826144936922322
1.6000000000000001 1.7312500000000002 1.6627999691599284
1.6000000000000001 1.8187500000000001 1.7381318441274196
1.6000000000000001 1.9062500000000000 1.8091207214342111
1.6000000000000001 1.9937500000000001 1.8762028881309565
1.6000000000000001 2.0812499999999998 1.9397538652812583
1.6000000000000001 2.1687500000000002 2.0000990251696287
1.6000000000000001 2.2562500000000001 2.0575220118290369
1.6000000000000001 2.3437500000000000 2.1122714782402201
1.6000000000000001 2.4312499999999999 2.1645665297102754
1.6000000000000001 2.5187499999999998 2.2146011593360728
1.6000000000000001 2.6062500000000002 2.2625478856495391
1.6000000000000001 2.6937500000000001 2.3085610362540367
1.6000000000000001 2.7812500000000000 2.3527859270159199
1.6000000000000001 2.8687499999999999 2.3953493975178968
1.6000000000000001 2.9562499999999998 2.4363628338875785
0.2000000000000002 0.2875000000000001 -6.3180301783578763
0.2000000000000002 0.4625000000000001 -4.9494634581482799
0.2000000000000002 0.6375000000000002 -4.0662086644350230
0.2000000000000002 0.8125000000000001 -3.4342434445581524
0.2000000000000002 0.9875000000000002 -2.9470230369895458
0.2000000000000002 1.1625000000000001 -2.5531834062677543
0.2000000000000002 1.3375000000000001 -2.2242265024545631
0.2000000000000002 1.5125000000000002 -1.9427819567969788
0.2000000000000002 1.6875000000000000 -1.6975205285772530
0.2000000000000002 1.8625000000000000 -1.4806649688423243
0.2000000000000002 2.0375000000000001 -1.2866577509750305
0.2000000000000002 2.2124999999999999 -1.1113678461590379
0.2000000000000002 2.3875000000000002 -0.9515737311971755
0.2000000000000002 2.5625000000000000 -0.8047899467774943
0.2000000000000002 2.7374999999999998 -0.6690720741756135
0.2000000000000002 2.9125000000000001 -0.5428959145319665
3.0000000000000000 0.2875000000000001 0.0027814779976279
3.0000000000000000 0.4625000000000001 0.6540710864388910
3.0000000000000000 0.6375000000000002 1.1062791052854384
3.0000000000000000 0.8125000000000001 1.4553231130334641
3.0000000000000000 0.9875000000000002 1.7402297779944325
3.0000000000000000 1.1625000000000001 1.9809883336048408
3.0000000000000000 1.3375000000000001 2.1894248038476434
3.0000000000000000 1.5125000000000002 2.3729402295971873
3.0000000000000000 1.6875000000000000 2.5345465096654411
3.0000000000000000 1.8625000000000000 2.6769730065722133
3.0000000000000000 2.0375000000000001 2.8036729443240240
3.0000000000000000 2.2124999999999999 2.9175538839693673
3.0000000000000000 2.3875000000000002 3.0208046641020201
3.0000000000000000 2.5625000000000000 3.1151113127953520
3.0000000000000000 2.7374999999999998 3.2017981532430349
3.0000000000000000 2.9125000000000001 3.2819230194631870
0.9000000000000001 0.3750000000000002 -2.0440935909488367
0.9000000000000001 0.7250000000000001 -0.8322907793967990
0.9000000000000001 1.0750000000000002 -0.1018553780024837
0.9000000000000001 1.4250000000000000 0.4004213666908604
0.9000000000000001 1.7750000000000001 0.7726803865563970
0.9000000000000001 2.1250000000000000 1.0664856035664096
0.9000000000000001 2.4750000000000001 1.3081287242131097
0.9000000000000001 2.8250000000000002 1.5127480666503528
2.2999999999999998 0.3750000000000002 -0.1248753529682613
2.2999999999999998 0.7250000000000001 0.8605968358351940
2.2999999999999998 1.0750000000000002 1.4682725388054987
2.2999999999999998 1.4250000000000000 1.9074986737265589
2.2999999999999998 1.7750000000000001 2.2405344697754592
2.2999999999999998 2.1250000000000000 2.5009074406524570
2.2999999999999998 2.4750000000000001 2.7130701629425804
2.2999999999999998 2.8250000000000002 2.8911976244673072
0.5500000000000003 0.5500000000000003 -2.4000148699583734
0.5500000000000003 1.2500000000000000 -0.6796545817795336
0.5500000000000003 1.9500000000000002 0.1507410205619340
0.5500000000000003 2.6499999999999999 0.6869659912909882
1.2500000000000000 0.5500000000000003 -0.6796545819049906
1.2500000000000000 1.2500000000000000 0.7356191817875168
1.2500000000000000 1.9500000000000002 1.4537840768217929
1.2500000000000000 2.6499999999999999 1.9111725442639187
1.9500000000000002 0.5500000000000003 0.1507410361089878
1.9500000000000002 1.2500000000000000 1.4537840768486572
1.9500000000000002 1.9500000000000002 2.1402957401241682
1.9500000000000002 2.6499999999999999 2.5748034776873210
2.6499999999999999 0.5500000000000003 0.6869659913558904
2.6499999999999999 1.2500000000000000 1.9111725442798115
2.6499999999999999 1.9500000000000002 2.5748034776457134
2.6499999999999999 2.6499999999999999 2.9969314601068442
0.3750000000000002 0.9000000000000001 -2.0440935909649216
0.3750000000000002 2.2999999999999998 -0.1248753233078465
0.7250000000000001 0.9000000000000001 -0.8322907794606530
0.7250000000000001 2.2999999999999998 0.8605968371542522
1.0750000000000002 0.9000000000000001 -0.1018553330446726
1.0750000000000002 2.2999999999999998 1.4682725387248543
1.4250000000000000 0.9000000000000001 0.4004213669255360
1.4250000000000000 2.2999999999999998 1.9074986737516348
1.7750000000000001 3.0000000000000000 2.6079435474436523
1.7750000000000001 0.9000000000000001 0.7726803861132417
1.7750000000000001 2.2999999999999998 2.2405344697646439
2.1250000000000000 3.0000000000000000 2.8620651315439214
2.1250000000000000 0.9000000000000001 1.0664856036510204
2.1250000000000000 2.2999999999999998 2.5009074406714742
2.4750000000000001 0.2000000000000002 -0.8766884316068604
2.4750000000000001 3.0000000000000000 3.0689860465501946
2.4750000000000001 0.9000000000000001 1.3081287241534876
2.4750000000000001 2.2999999999999998 2.7130701629535263
2.8250000000000002 0.2000000000000002 -0.6048715347057733
2.8250000000000002 3.0000000000000000 3.2426231724686443
2.8250000000000002 0.9000000000000001 1.5127480665947046
2.8250000000000002 2.2999999999999998 2.8911976247795845
0.2875000000000001 1.6000000000000001 -1.2491749000941645
0.2875000000000001 0.2000000000000002 -6.3180301784408037
0.2875000000000001 3.0000000000000000 0.0027814778527071
0.4625000000000001 1.6000000000000001 -0.4908695482424220
0.4625000000000001 0.2000000000000002 -4.9494634580908485
0.4625000000000001 3.0000000000000000 0.6540710864523269
0.6375000000000002 1.6000000000000001 0.0309503763706140
0.6375000000000002 0.2000000000000002 -4.0662086645177276
0.6375000000000002 3.0000000000000000 1.1062791054649690
0.8125000000000001 1.6000000000000001 0.4295776218875792
0.8125000000000001 0.2000000000000002 -3.4342434445739687
0.8125000000000001 3.0000000000000000 1.4553231128151580
0.9875000000000002 1.6000000000000001 0.7525809953588842
0.9875000000000002 0.2000000000000002 -2.9470230369601262
0.9875000000000002 3.0000000000000000 1.7402297780000839
1.1625000000000001 1.6000000000000001 1.0231724669551110
1.1625000000000001 0.2000000000000002 -2.5531834064927841
1.1625000000000001 3.0000000000000000 1.9809883338517937
1.3375000000000001 1.6000000000000001 1.2539666711002699
1.3375000000000001 0.2000000000000002 -2.2242265021230603
1.3375000000000001 3.0000000000000000 2.1894248038339996
1.5125000000000002 1.6000000000000001 1.4518874569222526
1.5125000000000002 0.2000000000000002 -1.9427819566071176
1.5125000000000002 3.0000000000000000 2.3729402296382922
1.6875000000000000 1.6000000000000001 1.6233491942162326
1.6875000000000000 0.2000000000000002 -1.6975205286296906
1.8625000000000000 1.6000000000000001 1.7741403228969059
1.8625000000000000 0.2000000000000002 -1.4806649658871733
2.0375000000000001 1.6000000000000001 1.9083983721998155
2.0375000000000001 0.2000000000000002 -1.2866577503247116
2.2124999999999999 1.6000000000000001 2.0291594987698369
2.2124999999999999 0.2000000000000002 -1.1113678460679681
2.3875000000000002 1.6000000000000001 2.1387131386592237
2.5625000000000000 1.6000000000000001 2.2388254806452617
