1.6000000000000001 1.6000000000000001 -610.8525449349167502
1.6000000000000001 0.2000000000000002 -611.1606584979091394
1.6000000000000001 3.0000000000000000 -610.7526466517092558
0.2000000000000002 1.6000000000000001 -611.1619035338233061
3.0000000000000000 1.6000000000000001 -610.7522914452474652
1.6000000000000001 0.9000000000000001 -610.9484746580578758
1.6000000000000001 2.2999999999999998 -610.7935675845113792
0.2000000000000002 0.2000000000000002 -611.6330469649649331
0.2000000000000002 3.0000000000000000 -611.0254260778472144
3.0000000000000000 0.2000000000000002 -611.0238958938228961
3.0000000000000000 3.0000000000000000 -610.6583322567697678
0.9000000000000001 1.6000000000000001 -610.9485076969879174
1.6000000000000001 0.5500000000000003 -611.0255093954693848
1.6000000000000001 1.2500000000000000 -610.8939766931973736
1.6000000000000001 1.9500000000000002 -610.8199805819151607
1.6000000000000001 2.6499999999999999 -610.7715305205122149
0.2000000000000002 0.9000000000000001 -611.2948989952009242
0.2000000000000002 2.2999999999999998 -611.0817795368835732
3.0000000000000000 0.9000000000000001 -610.8389852946303336
3.0000000000000000 2.2999999999999998 -610.6968276098932620
0.9000000000000001 0.2000000000000002 -611.2936869977473862
0.9000000000000001 3.0000000000000000 -610.8393385109980045
2.2999999999999998 1.6000000000000001 -610.7934207861823097
2.2999999999999998 0.2000000000000002 -611.0803877032855098
2.2999999999999998 3.0000000000000000 -610.6970316298159105
1.6000000000000001 0.3750000000000002 -611.0802024881440957
1.6000000000000001 0.7250000000000001 -610.9830424782052205
1.6000000000000001 1.0750000000000002 -610.9192335567704504
1.6000000000000001 1.4250000000000000 -610.8719507493503897
1.6000000000000001 1.7750000000000001 -610.8353465470191850
1.6000000000000001 2.1250000000000000 -610.8061334275073477
1.6000000000000001 2.4750000000000001 -610.7820890384300583
1.6000000000000001 2.8250000000000002 -610.7617517883543314
0.2000000000000002 0.5500000000000003 -611.4109291490015039
0.2000000000000002 1.2500000000000000 -611.2181813013203282
0.2000000000000002 1.9500000000000002 -611.1178480250762277
0.2000000000000002 2.6499999999999999 -611.0515000328600763
3.0000000000000000 0.5500000000000003 -610.9068860582774505
3.0000000000000000 1.2500000000000000 -610.7902260605719675
3.0000000000000000 1.9500000000000002 -610.7217650759926073
3.0000000000000000 2.6499999999999999 -610.6760687916918187
0.9000000000000001 0.9000000000000001 -611.0541738672816336
0.9000000000000001 2.2999999999999998 -610.8843413401401676
2.2999999999999998 0.9000000000000001 -610.8841615028388787
2.2999999999999998 2.2999999999999998 -610.7364629019920130
0.5500000000000003 1.6000000000000001 -611.0253614221738871
0.5500000000000003 0.2000000000000002 -611.4095361395176269
0.5500000000000003 3.0000000000000000 -610.9070407472211173
1.2500000000000000 1.6000000000000001 -610.8939924016647183
1.2500000000000000 0.2000000000000002 -611.2169519743256387
1.2500000000000000 3.0000000000000000 -610.7905794620091910
1.9500000000000002 1.6000000000000001 -610.8199198875925049
1.9500000000000002 0.2000000000000002 -611.1165422947135539
2.6499999999999999 1.6000000000000001 -610.7712534227724746
2.6499999999999999 0.2000000000000002 -611.0499953286533810
1.6000000000000001 0.2875000000000001 -611.1156149449345776
1.6000000000000001 0.4625000000000001 -611.0505039843444592
1.6000000000000001 0.6375000000000002 -611.0030607501061013
1.6000000000000001 0.8125000000000001 -610.9649537014201996
1.6000000000000001 0.9875000000000002 -610.9333054752370344
1.6000000000000001 1.1625000000000001 -610.9061544609517114
1.6000000000000001 1.3375000000000001 -610.8826054011644828
1.6000000000000001 1.5125000000000002 -610.8619474751510552
1.6000000000000001 1.6875000000000000 -610.8436957433988255
1.6000000000000001 1.8625000000000000 -610.8274559588331840
1.6000000000000001 2.0375000000000001 -610.8128845072607191
1.6000000000000001 2.2124999999999999 -610.7997023428515604
1.6000000000000001 2.3875000000000002 -610.7877051979891121
1.6000000000000001 2.5625000000000000 -610.7767040972656787
1.6000000000000001 2.7374999999999998 -610.7665517810480651
1.6000000000000001 2.9125000000000001 -610.7571201191007049
0.2000000000000002 0.3750000000000002 -611.4989723780018949
0.2000000000000002 0.7250000000000001 -611.3457797083666492
0.2000000000000002 1.0750000000000002 -611.2532579743137831
0.2000000000000002 1.4250000000000000 -611.1881191286289550
0.2000000000000002 1.7750000000000001 -611.1386907684137668
0.2000000000000002 2.1250000000000000 -611.0989714547101812
0.2000000000000002 2.4750000000000001 -611.0660282831104269
0.2000000000000002 2.8250000000000002 -611.0380127310672833
3.0000000000000000 0.3750000000000002 -610.9546259465756748
3.0000000000000000 0.7250000000000001 -610.8696036105408211
3.0000000000000000 1.0750000000000002 -610.8129276636581153
3.0000000000000000 1.4250000000000000 -610.7701916968414935
3.0000000000000000 1.7750000000000001 -610.7362294656995800
3.0000000000000000 2.1250000000000000 -610.7086906730132796
3.0000000000000000 2.4750000000000001 -610.6860060835049353
3.0000000000000000 2.8250000000000002 -610.6668784090932149
0.9000000000000001 0.5500000000000003 -611.1408789779228528
0.9000000000000001 1.2500000000000000 -610.9936822184304219
0.9000000000000001 1.9500000000000002 -610.9131708682616591
0.9000000000000001 2.6499999999999999 -610.8601609406168791
2.2999999999999998 0.5500000000000003 -610.9558723759818122
2.2999999999999998 1.2500000000000000 -610.8329320702173391
2.2999999999999998 1.9500000000000002 -610.7620007162801130
2.2999999999999998 2.6499999999999999 -610.7152048198167904
0.5500000000000003 0.9000000000000001 -611.1406979700384454
0.5500000000000003 2.2999999999999998 -610.9558711957262176
1.2500000000000000 0.9000000000000001 -610.9936648872085243
1.2500000000000000 2.2999999999999998 -610.8330945777199759
1.9500000000000002 3.0000000000000000 -610.7220357936162145
1.9500000000000002 0.9000000000000001 -610.9130771348261533
1.9500000000000002 2.2999999999999998 -610.7620747359572988
2.6499999999999999 3.0000000000000000 -610.6761486903631067
2.6499999999999999 0.9000000000000001 -610.8598595185439990
2.6499999999999999 2.2999999999999998 -610.7150794626645620
0.3750000000000002 1.6000000000000001 -611.0797587669227369
0.3750000000000002 0.2000000000000002 -611.4972836208374929
0.3750000000000002 3.0000000000000000 -610.9544761301154949
0.7250000000000001 1.6000000000000001 -610.9830218380720908
0.7250000000000001 0.2000000000000002 -611.3445140320267228
0.7250000000000001 3.0000000000000000 -610.8698943922618128
1.0750000000000002 1.6000000000000001 -610.9192469417037046
1.0750000000000002 0.2000000000000002 -611.2520263233113837
1.0750000000000002 3.0000000000000000 -610.8132699842363991
1.4250000000000000 1.6000000000000001 -610.8719515230815205
1.4250000000000000 0.2000000000000002 -611.1868748667391174
1.4250000000000000 3.0000000000000000 -610.7705389203288178
1.7750000000000001 1.6000000000000001 -610.8353233863012974
1.7750000000000001 0.2000000000000002 -611.1374225716848514
2.1250000000000000 1.6000000000000001 -610.8060346239514047
2.1250000000000000 0.2000000000000002 -611.0976276152075570
2.4750000000000001 1.6000000000000001 -610.7818795843943462
2.8250000000000002 1.6000000000000001 -610.7614196040298111
1.6000000000000001 0.2437500000000001 -611.1367241875626632
1.6000000000000001 0.3312500000000003 -611.0970832757027438
1.6000000000000001 0.4187500000000002 -611.0647289807393463
1.6000000000000001 0.5062500000000001 -611.0375724873264289
1.6000000000000001 0.5937500000000002 -611.0140053131381137
1.6000000000000001 0.6812500000000001 -610.9927652624529628
1.6000000000000001 0.7687500000000002 -610.9737932826641327
1.6000000000000001 0.8562500000000002 -610.9565234428609983
1.6000000000000001 0.9437500000000001 -610.9407484747478065
1.6000000000000001 1.0312500000000000 -610.9261376433469195
1.6000000000000001 1.1187500000000001 -610.9125776792861870
1.6000000000000001 1.2062500000000000 -610.8999576322983103
1.6000000000000001 1.2937500000000002 -610.8881971397734105
1.6000000000000001 1.3812500000000001 -610.8771924060301899
1.6000000000000001 1.4687500000000000 -610.8668714650741549
1.6000000000000001 1.5562500000000001 -610.8571732427204779
1.6000000000000001 1.6437500000000000 -610.8480552712326244
1.6000000000000001 1.7312500000000002 -610.8394609106317148
1.6000000000000001 1.8187500000000001 -610.8313468792796357
1.6000000000000001 1.9062500000000000 -610.8236684805900722
1.6000000000000001 1.9937500000000001 -610.8163876327362232
1.6000000000000001 2.0812499999999998 -610.8094673981890992
1.6000000000000001 2.1687500000000002 -610.8028793871814059
1.6000000000000001 2.2562500000000001 -610.7965990908317053
1.6000000000000001 2.3437500000000000 -610.7906044756539359
1.6000000000000001 2.4312499999999999 -610.7848670990067603
1.6000000000000001 2.5187499999999998 -610.7793689395685988
1.6000000000000001 2.6062500000000002 -610.7740918989825332
1.6000000000000001 2.6937500000000001 -610.7690179300609543
1.6000000000000001 2.7812500000000000 -610.7641298013281812
1.6000000000000001 2.8687499999999999 -610.7594155695509244
1.6000000000000001 2.9562499999999998 -610.7548641062485331
0.2000000000000002 0.2875000000000001 -611.5585262929448618
0.2000000000000002 0.4625000000000001 -611.4508981131393739
0.2000000000000002 0.6375000000000002 -611.3762004208629151
0.2000000000000002 0.8125000000000001 -611.3189236867693808
0.2000000000000002 0.9875000000000002 -611.2731490231892622
0.2000000000000002 1.1625000000000001 -611.2350062245122899
0.2000000000000002 1.3375000000000001 -611.2026085649036986
0.2000000000000002 1.5125000000000002 -611.1745859412120581
0.2000000000000002 1.6875000000000000 -611.1499698892823744
0.2000000000000002 1.8625000000000000 -611.1280026819820250
0.2000000000000002 2.0375000000000001 -611.1081840594418964
0.2000000000000002 2.2124999999999999 -611.0901797745799513
0.2000000000000002 2.3875000000000002 -611.0737398991290092
0.2000000000000002 2.5625000000000000 -611.0586233523340525
0.2000000000000002 2.7374999999999998 -611.0446364967898489
0.2000000000000002 2.9125000000000001 -611.0316137319696281
3.0000000000000000 0.2875000000000001 -610.9853700260396181
3.0000000000000000 0.4625000000000001 -610.9289351620677735
3.0000000000000000 0.6375000000000002 -610.8872574360890439
3.0000000000000000 0.8125000000000001 -610.8536304649173871
3.0000000000000000 0.9875000000000002 -610.8254918182725532
3.0000000000000000 1.1625000000000001 -610.8012039409405816
3.0000000000000000 1.3375000000000001 -610.7799163744559792
3.0000000000000000 1.5125000000000002 -610.7609974229766294
3.0000000000000000 1.6875000000000000 -610.7440475938362852
3.0000000000000000 1.8625000000000000 -610.7288120068692479
3.0000000000000000 2.0375000000000001 -610.7150662909493803
3.0000000000000000 2.2124999999999999 -610.7026180133533444
3.0000000000000000 2.3875000000000002 -610.6912981337545716
3.0000000000000000 2.5625000000000000 -610.6809360849883888
3.0000000000000000 2.7374999999999998 -610.6713877963635468
3.0000000000000000 2.9125000000000001 -610.6625297673454043
0.9000000000000001 0.3750000000000002 -611.2020380054615316
0.9000000000000001 0.7250000000000001 -611.0928883552866182
0.9000000000000001 1.0750000000000002 -611.0215861630049403
0.9000000000000001 1.4250000000000000 -610.9695801145448968
0.9000000000000001 1.7750000000000001 -610.9298658073540764
0.9000000000000001 2.1250000000000000 -610.8980764213041539
0.9000000000000001 2.4750000000000001 -610.8717616933490717
0.9000000000000001 2.8250000000000002 -610.8493903145547392
2.2999999999999998 0.3750000000000002 -611.0065351021022479
2.2999999999999998 0.7250000000000001 -610.9164365413698761
2.2999999999999998 1.0750000000000002 -610.8567488747170273
2.2999999999999998 1.4250000000000000 -610.8120057549944022
2.2999999999999998 1.7750000000000001 -610.7768522812843912
2.2999999999999998 2.1250000000000000 -610.7486084310564820
2.2999999999999998 2.4750000000000001 -610.7253830155219703
2.2999999999999998 2.8250000000000002 -610.7057893544659919
0.5500000000000003 0.5500000000000003 -611.2384511089676380
0.5500000000000003 1.2500000000000000 -611.0743492061270672
0.5500000000000003 1.9500000000000002 -610.9871151261244222
0.5500000000000003 2.6499999999999999 -610.9296447759998046
1.2500000000000000 0.5500000000000003 -611.0745128872566738
1.2500000000000000 1.2500000000000000 -610.9368150204491030
1.2500000000000000 1.9500000000000002 -610.8604150797261809
1.2500000000000000 2.6499999999999999 -610.8102301337393101
1.9500000000000002 0.5500000000000003 -610.9872024047695049
1.9500000000000002 1.2500000000000000 -610.8603386768143082
1.9500000000000002 1.9500000000000002 -610.7879854647356979
1.9500000000000002 2.6499999999999999 -610.7404956654438593
2.6499999999999999 0.5500000000000003 -610.9295287252094795
2.6499999999999999 1.2500000000000000 -610.8099416840674394
2.6499999999999999 1.9500000000000002 -610.7402989654349312
2.6499999999999999 2.6499999999999999 -610.6940880069672630
0.3750000000000002 0.9000000000000001 -611.2015612458164924
0.3750000000000002 2.2999999999999998 -611.0062381783677665
0.7250000000000001 0.9000000000000001 -611.0928346768237134
0.7250000000000001 2.2999999999999998 -610.9165627029734651
1.0750000000000002 0.9000000000000001 -611.0215665081091174
1.0750000000000002 2.2999999999999998 -610.8569090586690891
1.4250000000000000 0.9000000000000001 -610.9695478490095866
1.4250000000000000 2.2999999999999998 -610.8121533274671719
1.7750000000000001 3.0000000000000000 -610.7365360637496678
1.7750000000000001 0.9000000000000001 -610.9298096077347964
1.7750000000000001 2.2999999999999998 -610.7769624390590479
2.1250000000000000 3.0000000000000000 -610.7089346459781609
2.1250000000000000 0.9000000000000001 -610.8979445769687118
2.1250000000000000 2.2999999999999998 -610.7486510242813438
2.4750000000000001 0.2000000000000002 -611.0645760506639590
2.4750000000000001 3.0000000000000000 -610.6861523799130964
2.4750000000000001 0.9000000000000001 -610.8715203288948032
2.4750000000000001 2.2999999999999998 -610.7253240335772944
2.8250000000000002 0.2000000000000002 -611.0364884111802439
2.8250000000000002 3.0000000000000000 -610.6669020876033755
2.8250000000000002 0.9000000000000001 -610.8490515414126776
2.8250000000000002 2.2999999999999998 -610.7056083289162416
0.2875000000000001 1.6000000000000001 -611.1156843082071646
0.2875000000000001 0.2000000000000002 -611.5573506203982106
0.2875000000000001 3.0000000000000000 -610.9857289157243940
0.4625000000000001 1.6000000000000001 -611.0502061357220782
0.4625000000000001 0.2000000000000002 -611.4493552284886846
0.4625000000000001 3.0000000000000000 -610.9289355967653137
0.6375000000000002 1.6000000000000001 -611.0029719813858264
0.6375000000000002 0.2000000000000002 -611.3748666159387994
0.6375000000000002 3.0000000000000000 -610.8874757088377692
0.8125000000000001 1.6000000000000001 -610.9649568409525955
0.8125000000000001 0.2000000000000002 -611.3176817900250626
0.8125000000000001 3.0000000000000000 -610.8539494038831208
0.9875000000000002 1.6000000000000001 -610.9333145569630688
0.9875000000000002 0.2000000000000002 -611.2719130686693916
0.9875000000000002 3.0000000000000000 -610.8258254578395281
1.1625000000000001 1.6000000000000001 -610.9061686074584259
1.1625000000000001 0.2000000000000002 -611.2337753353787093
1.1625000000000001 3.0000000000000000 -610.8015514021515173
1.3375000000000001 1.6000000000000001 -610.8826113614444466
1.3375000000000001 0.2000000000000002 -611.2013694897085543
1.3375000000000001 3.0000000000000000 -610.7802644061100636
1.5125000000000002 1.6000000000000001 -610.8619467171816950
1.5125000000000002 0.2000000000000002 -611.1733401474524499
1.5125000000000002 3.0000000000000000 -610.7613474931151814
1.6875000000000000 1.6000000000000001 -610.8436864277180121
1.6875000000000000 0.2000000000000002 -611.1487155376200917
1.8625000000000000 1.6000000000000001 -610.8274137571613664
1.8625000000000000 0.2000000000000002 -611.1267154443037271
2.0375000000000001 1.6000000000000001 -610.8128045147548164
2.0375000000000001 0.2000000000000002 -611.1068590309039337
2.2124999999999999 1.6000000000000001 -610.7995819107394482
2.2124999999999999 0.2000000000000002 -611.0888143073664196
2.3875000000000002 1.6000000000000001 -610.7875273704211168
2.5625000000000000 1.6000000000000001 -610.7764603690404783
