1.0000000000000000 137.5952834257624318 137.1150749089372596
2.0000000000000000 110.0635746880268186 109.6783442562727515
3.0000000000000000 88.0428217215426514 87.7361863488896603
4.0000000000000000 70.4285227917212069 70.1837726417879963
5.0000000000000000 56.3383967853632726 56.1431306743508145
6.0000000000000000 45.0670899910954859 44.9112121566573066
7.0000000000000000 36.0505188030333557 35.9263264366568507
8.0000000000000000 28.8381611955938979 28.7390210137854929
9.0000000000000000 23.0685510162818446 22.9895393199372933
10.0000000000000000 18.4532690774867660 18.3902957366406632
