1.0000000000000000 137.5960328553016438 137.1161694540548979
2.0000000000000000 110.0683121529676214 109.6851523951525706
3.0000000000000000 88.0472561605179749 87.7417055492126963
4.0000000000000000 70.4322494229585345 70.1883753507897268
5.0000000000000000 56.3412212712657379 56.1466373003850165
6.0000000000000000 45.0692487668650870 44.9140662474084706
7.0000000000000000 36.0524044000976005 35.9286597589816594
8.0000000000000000 28.8394377184059749 28.7408350122299581
9.0000000000000000 23.0696491348446671 22.9910169988178872
10.0000000000000000 18.4542267649152336 18.3915107568499430
