           1   5.2394619811930720E-003
           2   3.3820582738348648E-003
           3   2.2263806219449123E-003
           4   1.5054081187597657E-003
           5   1.0491560312222425E-003
           6   7.5039991608494283E-004
           7   5.4251500328206248E-004
           8   3.8523614309982079E-004
           9   2.5553596723604244E-004
          10   1.4174562664814871E-004
          11   3.9664354025470416E-005
          12  -5.0169249083187317E-005
          13  -1.2456273231409298E-004
          14  -1.7939102363251358E-004
          15  -2.1104174148700583E-004
          16  -2.1753868518958885E-004
          17  -1.9923969653778961E-004
          18  -1.5903263615246743E-004
          19  -1.0204454540829744E-004
          20  -3.4984085910516605E-005
          21   3.4696576986403826E-005
          22   9.9632958979745112E-005
          23   1.5323767111308229E-004
          24   1.9018662228065253E-004
          25   2.0670185246385309E-004
          26   2.0066196317647389E-004
          27   1.7157002193712856E-004
          28   1.2038303641759285E-004
          29   4.9167185795617740E-005
          30  -3.9500640212963845E-005
          31  -1.4350243290128795E-004
          32  -2.6266292361731836E-004
          33  -4.0090586533847450E-004
          34  -5.6926450705674370E-004
          35  -7.9000588149680251E-004
          36  -1.1023330213828508E-003
          37  -1.5705489794618499E-003
          38  -2.2962958590305727E-003
          39  -3.4376328746564822E-003
          40  -5.2394698588499322E-003
