           1           1  0.99236174412032208     
           2           1  0.98433004553883474     
           3           1  0.97676046673570760     
           4           1  0.97069639786063311     
           5           1  0.96701759428464862     
           6           1  0.96630030122047017     
           7           1  0.96875958438782916     
           8           1  0.97423967402034384     
           9           1  0.98224233273379014     
          10           1  0.99198784362058712     
          11           1   1.0025022924793658     
          12           1   1.0127227007811888     
          13           1   1.0216097644773825     
          14           1   1.0282570634053587     
          15           1   1.0319858467967202     
          16           1   1.0324158829925043     
          17           1   1.0295052489104546     
          18           1   1.0235550777515854     
          19           1   1.0151788531116990     
          20           1   1.0052394619811931     
          21           1  0.99476052146565852     
          22           1  0.98482113204079402     
          23           1  0.97644491063700134     
          24           1  0.97049474391240298     
          25           1  0.96758411500779040     
          26           1  0.96801415659352263     
          27           1  0.97174294503608061     
          28           1  0.97839024816201825     
          29           1  0.98727731477918101     
          30           1  0.99749772443707896     
          31           1   1.0080121729669118     
          32           1   1.0177576819031926     
          33           1   1.0257603372901685     
          34           1   1.0312404226302818     
          35           1   1.0336997010823463     
          36           1   1.0329824035150701     
          37           1   1.0293035963289308     
          38           1   1.0232395254121771     
          39           1   1.0156699467391606     
          40           1   1.0076382508526991     
           1           2  0.98433004553883463     
           2           2  0.96658376085928710     
           3           2  0.94962156069621861     
           4           2  0.93598912369360709     
           5           2  0.92767641679476465     
           6           2  0.92595292578192456     
           7           2  0.93128057204331638     
           8           2  0.94330339612107317     
           9           2  0.96091261837349928     
          10           2  0.98238122155290397     
          11           2   1.0055559466256276     
          12           2   1.0280886297997869     
          13           2   1.0476844248522343     
          14           2   1.0623423624927635     
          15           2   1.0705641940196184     
          16           2   1.0715105111032124     
          17           2   1.0650884036032693     
          18           2   1.0519618556321126     
          19           2   1.0334839591347724     
          20           2   1.0115580227324448     
          21           2  0.98844194075111524     
          22           2  0.96651600811091243     
          23           2  0.94803811875130473     
          24           2  0.93491158056036916     
          25           2  0.92848948447916335     
          26           2  0.92943581344902026     
          27           2  0.93765765611298235     
          28           2  0.95231560300556684     
          29           2  0.97191140448873814     
          30           2  0.99444409063491679     
          31           2   1.0176188149525272     
          32           2   1.0390874137845285     
          33           2   1.0566966286315400     
          34           2   1.0687194431395248     
          35           2   1.0740470788497372     
          36           2   1.0723235776862678     
          37           2   1.0640108625197917     
          38           2   1.0503784206201536     
          39           2   1.0334162203373694     
          40           2   1.0156699415580319     
           1           3  0.97676046673570771     
           2           3  0.94962156069621850     
           3           3  0.92346866609262646     
           4           3  0.90239022034065264     
           5           3  0.88949413678810363     
           6           3  0.88673694733442443     
           7           3  0.89482231122975697     
           8           3  0.91319684760309294     
           9           3  0.94015368719386072     
          10           3  0.97303972882401979     
          11           3   1.0085499399336717     
          12           3   1.0430817030893469     
          13           3   1.0731150296890137     
          14           3   1.0955810808451614     
          15           3   1.1081821326254109     
          16           3   1.1096307704493700     
          17           3   1.0997841725372053     
          18           3   1.0796599801170521     
          19           3   1.0513323333830065     
          20           3   1.0177189164238840     
          21           3  0.98228102759409197     
          22           3  0.94866761640205732     
          23           3  0.92033998060958588     
          24           3  0.90021580318147154     
          25           3  0.89036922277246444     
          26           3  0.89181787881517194     
          27           3  0.90441894766398101     
          28           3  0.92688501299625936     
          29           3  0.95691834944294751     
          30           3  0.99145011713741382     
          31           3   1.0269603270631373     
          32           3   1.0598463619890057     
          33           3   1.0868031901679642     
          34           3   1.1051777117834278     
          35           3   1.1132630593774098     
          36           3   1.1105058541856458     
          37           3   1.0976097577240116     
          38           3   1.0765313041884661     
          39           3   1.0503784091713895     
          40           3   1.0232395122793532     
           1           4  0.97069639786063311     
           2           4  0.93598912369360709     
           3           4  0.90239022034065286     
           4           4  0.87525778836921775     
           5           4  0.85862193707561851     
           6           4  0.85500426707497468     
           7           4  0.86530729582882371     
           8           4  0.88881791090978379     
           9           4  0.92334368410242640     
          10           4  0.96547979582931909     
          11           4   1.0109865829988316     
          12           4   1.0552437089160396     
          13           4   1.0937373946960949     
          14           4   1.1225326604545389     
          15           4   1.1386833521385866     
          16           4   1.1405386616018780     
          17           4   1.1279151900616431     
          18           4   1.1021172396685466     
          19           4   1.0658035054007775     
          20           4   1.0227140621623518     
          21           4  0.97728586607301460     
          22           4  0.93419643022715282     
          23           4  0.89788270998480491     
          24           4  0.87208477880899182     
          25           4  0.85946132970442246     
          26           4  0.86131666251976946     
          27           4  0.87746737608004677     
          28           4  0.90626266000480060     
          29           4  0.94475635839848982     
          30           4  0.98901349011993178     
          31           4   1.0345202757506282     
          32           4   1.0766563788517640     
          33           4   1.1111821373691668     
          34           4   1.1346927334647943     
          35           4   1.1449957412271945     
          36           4   1.1413780509238771     
          37           4   1.1247421829215878     
          38           4   1.0976097408001482     
          39           4   1.0640108368040684     
          40           4   1.0293035744894250     
           1           5  0.96701759428464840     
           2           5  0.92767641679476454     
           3           5  0.88949413678810352     
           4           5  0.85862193707561829     
           5           5  0.83966697216531960     
           6           5  0.83550400092196719     
           7           5  0.84716016915483183     
           8           5  0.87382445107867690     
           9           5  0.91300505720608216     
          10           5  0.96083362034765929     
          11           5   1.0124942589612627     
          12           5   1.0627393239850988     
          13           5   1.1064425669711355     
          14           5   1.1391352574560976     
          15           5   1.1574716639245251     
          16           5   1.1595770237984482     
          17           5   1.1452428613127446     
          18           5   1.1159499899952103     
          19           5   1.0747171209608830     
          20           5   1.0257908508030238     
          21           5  0.97420906771076354     
          22           5  0.92528280594660994     
          23           5  0.88404995283704568     
          24           5  0.85475710333906729     
          25           5  0.84042296632677793     
          26           5  0.84252835271394266     
          27           5  0.86086478401884159     
          28           5  0.89355749512626681     
          29           5  0.93726075242760820     
          30           5  0.98750582403148646     
          31           5   1.0391664608822893     
          32           5   1.0869950142067464     
          33           5   1.1261756036376964     
          34           5   1.1528398639571151     
          35           5   1.1644960082899549     
          36           5   1.1603330139088655     
          37           5   1.1413780299255030     
          38           5   1.1105058185887522     
          39           5   1.0723235378020870     
          40           5   1.0329823738734565     
           1           6  0.96630030122046984     
           2           6  0.92595292578192467     
           3           6  0.88673694733442432     
           4           6  0.85500426707497446     
           5           6  0.83550400092196708     
           6           6  0.83119587815350682     
           7           6  0.84313693106993481     
           8           6  0.87049424912518869     
           9           6  0.91070824977963805     
          10           6  0.95980579209428551     
          11           6   1.0128410383154234     
          12           6   1.0644250859985374     
          13           6   1.1092939211432904     
          14           6   1.1428588288568047     
          15           6   1.1616842727687346     
          16           6   1.1638451269752337     
          17           6   1.1491271829990226     
          18           6   1.1190507423861160     
          19           6   1.0767151589796078     
          20           6   1.0264805245987703     
          21           6  0.97351939173564839     
          22           6  0.92328476597283149     
          23           6  0.88094919891662482     
          24           6  0.85087278070622918     
          25           6  0.83615486288378926     
          26           6  0.83831574431123956     
          27           6  0.85714121372182861     
          28           6  0.89070614260627035     
          29           6  0.93557499244457076     
          30           6  0.98715904687679701     
          31           6   1.0401942912777098     
          32           6   1.0892918234975844     
          33           6   1.1295058069872848     
          34           6   1.1568631028298260     
          35           6   1.1688041311660029     
          36           6   1.1644959845890954     
          37           6   1.1449956987938552     
          38           6   1.1132630065454641     
          39           6   1.0740470272774469     
          40           6   1.0336996658330653     
           1           7  0.96875958438782916     
           2           7  0.93128057204331616     
           3           7  0.89482231122975686     
           4           7  0.86530729582882382     
           5           7  0.84716016915483205     
           6           7  0.84313693106993493     
           7           7  0.85422183166497900     
           8           7  0.87964075035623068     
           9           7  0.91701387447350691     
          10           7  0.96264723597743040     
          11           7   1.0119427366657938     
          12           7   1.0598905491810737     
          13           7   1.1015970711454020     
          14           7   1.1327965445663113     
          15           7   1.1502952456398663     
          16           7   1.1523035272340825     
          17           7   1.1386221811809052     
          18           7   1.1106643536840723     
          19           7   1.0713110276934050     
          20           7   1.0246151242184893     
          21           7  0.97538479800952882     
          22           7  0.92868890254549907     
          23           7  0.88933559175324650     
          24           7  0.86137778508060847     
          25           7  0.84769646333849358     
          26           7  0.84970477023555235     
          27           7  0.86720349501062433     
          28           7  0.89840298810961594     
          29           7  0.94010952373006262     
          30           7  0.98805734251533361     
          31           7   1.0373528415060471     
          32           7   1.0829861936178622     
          33           7   1.1203593017672575     
          34           7   1.1457781997933274     
          35           7   1.1568630775166615     
          36           7   1.1528398172718950     
          37           7   1.1346926723077511     
          38           7   1.1051776457351492     
          39           7   1.0687193841514162     
          40           7   1.0312403848553906     
           1           8  0.97423967402034395     
           2           8  0.94330339612107283     
           3           8  0.91319684760309261     
           4           8  0.88881791090978379     
           5           8  0.87382445107867734     
           6           8  0.87049424912518902     
           7           8  0.87964075035623068     
           8           8  0.90062476973854444     
           9           8  0.93148097952310160     
          10           8  0.96915886655300176     
          11           8   1.0098614034680828     
          12           8   1.0494516671978058     
          13           8   1.0838887779967759     
          14           8   1.1096503356888774     
          15           8   1.1240991747598803     
          16           8   1.1257575196606826     
          17           8   1.1144608538394913     
          18           8   1.0913760069622860     
          19           8   1.0588818199161965     
          20           8   1.0203248154736857     
          21           8  0.97967512030968151     
          22           8  0.94111812248185200     
          23           8  0.90862394798527157     
          24           8  0.88553911830285159     
          25           8  0.87424247255559639     
          26           8  0.87590083834924914     
          27           8  0.89034969699082389     
          28           8  0.91611127093118538     
          29           8  0.95054839300576699     
          30           8  0.99013866191184197     
          31           8   1.0308411974235436     
          32           8   1.0685190766954733     
          33           8   1.0993752732906370     
          34           8   1.1203592756026133     
          35           8   1.1295057579385555     
          36           8   1.1261755376749374     
          37           8   1.1111820627272939     
          38           8   1.0868031167968506     
          39           8   1.0566965676387263     
          40           8   1.0257603005296321     
           1           9  0.98224233273379025     
           2           9  0.96091261837349906     
           3           9  0.94015368719386061     
           4           9  0.92334368410242640     
           5           9  0.91300505720608238     
           6           9  0.91070824977963816     
           7           9  0.91701387447350691     
           8           9  0.93148097952310149     
           9           9  0.95275437010452912     
          10           9  0.97873078228389554     
          11           9   1.0067923794154139     
          12           9   1.0340870689108816     
          13           9   1.0578290233616992     
          14           9   1.0755898913485127     
          15           9   1.0855516239201961     
          16           9   1.0866954663337056     
          17           9   1.0789080280128609     
          18           9   1.0629937475658415     
          19           9   1.0405926212757273     
          20           9   1.0140117621805331     
          21           9  0.98598819354929079     
          22           9  0.95940733901438202     
          23           9  0.93700622137615719     
          24           9  0.92109195278363665     
          25           9  0.91330452830236331     
          26           9  0.91444838512022419     
          27           9  0.92441013118493842     
          28           9  0.94217101037466655     
          29           9  0.96591297260055076     
          30           9  0.99320766566652496     
          31           9   1.0212692618326675     
          32           9   1.0472456686658203     
          33           9   1.0685190501563573     
          34           9   1.0829861434389001     
          35           9   1.0892917551066172     
          36           9   1.0869949350557260     
          37           9   1.0766562977347491     
          38           9   1.0598462882703126     
          39           9   1.0390873566439154     
          40           9   1.0177576497187946     
           1          10  0.99198784362058701     
           2          10  0.98238122155290375     
           3          10  0.97303972882401968     
           4          10  0.96547979582931931     
           5          10  0.96083362034765951     
           6          10  0.95980579209428551     
           7          10  0.96264723597743040     
           8          10  0.96915886655300143     
           9          10  0.97873078228389521     
          10          10  0.99041691655202413     
          11          10   1.0030399688347240     
          12          10   1.0153174018051698     
          13          10   1.0259965373317887     
          14          10   1.0339854784005957     
          15          10   1.0384667808281391     
          16          10   1.0389824277087625     
          17          10   1.0354815211866490     
          18          10   1.0283258856287825     
          19          10   1.0182530719201688     
          20          10   1.0063006143659006     
          21          10  0.99369936572786022     
          22          10  0.98174691022455773     
          23          10  0.97167410040714219     
          24          10  0.96451847018098935     
          25          10  0.96101756988367415     
          26          10  0.96153322324359880     
          27          10  0.96601453174129137     
          28          10  0.97400347785121377     
          29          10  0.98468261687844294     
          30          10  0.99696005145985400     
          31          10   1.0095831033149740     
          32          10   1.0212692351866954     
          33          10   1.0308411468382639     
          34          10   1.0373527721316771     
          35          10   1.0401942101663002     
          36          10   1.0391663762436498     
          37          10   1.0345201960787345     
          38          10   1.0269602602170493     
          39          10   1.0176187672771977     
          40          10   1.0080121485299052     
           1          11   1.0025022924793656     
           2          11   1.0055559466256274     
           3          11   1.0085499399336715     
           4          11   1.0109865829988314     
           5          11   1.0124942589612624     
           6          11   1.0128410383154232     
           7          11   1.0119427366657934     
           8          11   1.0098614034680822     
           9          11   1.0067923794154132     
          10          11   1.0030399688347238     
          11          11  0.99898340651385331     
          12          11  0.99503608975501312     
          13          11  0.99160192661957447     
          14          11  0.98903306877607511     
          15          11  0.98759323324705672     
          16          11  0.98743029330295107     
          17          11  0.98856089820877402     
          18          11  0.99086866533018836     
          19          11  0.99411610538215689     
          20          11  0.99796903725970265     
          21          11   1.0020309691583653     
          22          11   1.0058839003756888     
          23          11   1.0091313391751846     
          24          11   1.0114391045808149     
          25          11   1.0125697074841482     
          26          11   1.0124067654568962     
          27          11   1.0109669279782727     
          28          11   1.0083980685188589     
          29          11   1.0049639042664500     
          30          11   1.0010165870025203     
          31          11  0.99696002483677049     
          32          11  0.99320761504908905     
          33          11  0.99013859233494450     
          34          11  0.98805726086569279     
          35          11  0.98715896112750645     
          36          11  0.98750574233258137     
          37          11  0.98901341982030144     
          38          11  0.99145006381007761     
          39          11  0.99444405716105166     
          40          11  0.99749771017260613     
           1          12   1.0127227007811888     
           2          12   1.0280886297997867     
           3          12   1.0430817030893458     
           4          12   1.0552437089160389     
           5          12   1.0627393239850982     
           6          12   1.0644250859985371     
           7          12   1.0598905491810733     
           8          12   1.0494516671978054     
           9          12   1.0340870689108810     
          10          12   1.0153174018051696     
          11          12  0.99503608975501312     
          12          12  0.97530632511617366     
          13          12  0.95814352918778534     
          14          12  0.94530460975469810     
          15          12  0.93810502742641422     
          16          12  0.93728206482045984     
          17          12  0.94291809355569667     
          18          12  0.95443155862098605     
          19          12  0.97063649350281755     
          20          12  0.98986436619076801     
          21          12   1.0101356658347269     
          22          12   1.0293635352251194     
          23          12   1.0455684638509244     
          24          12   1.0570819203449198     
          25          12   1.0627179390745300     
          26          12   1.0618949660563073     
          27          12   1.0546953739772773     
          28          12   1.0418564464528441     
          29          12   1.0246936449161017     
          30          12   1.0049638777143852     
          31          12  0.98468256638708329     
          32          12  0.96591290317817968     
          33          12  0.95054831150173935     
          34          12  0.94010943806873570     
          35          12  0.93557491071388166     
          36          12  0.93726068189639800     
          37          12  0.94475630453279802     
          38          12  0.95691831497405277     
          39          12  0.97191138855284087     
          40          12  0.98727731209805725     
           1          13   1.0216097644773821     
           2          13   1.0476844248522339     
           3          13   1.0731150296890126     
           4          13   1.0937373946960942     
           5          13   1.1064425669711351     
           6          13   1.1092939211432897     
           7          13   1.1015970711454013     
           8          13   1.0838887779967754     
           9          13   1.0578290233616987     
          10          13   1.0259965373317883     
          11          13  0.99160192661957425     
          12          13  0.95814352918778511     
          13          13  0.92903860913509773     
          14          13  0.90726605946181504     
          15          13  0.89505624372397330     
          16          13  0.89365916908582721     
          17          13  0.90321438461410752     
          18          13  0.92273569655517163     
          19          13  0.95021208155278425     
          20          13  0.98281428649961977     
          21          13   1.0171857678012497     
          22          13   1.0497879671563679     
          23          13   1.0772643415454761     
          24          13   1.0967856389517980     
          25          13   1.1063408375127182     
          26          13   1.1049437452170205     
          27          13   1.0927339129424569     
          28          13   1.0709613495451040     
          29          13   1.0418564199772844     
          30          13   1.0083980181928662     
          31          13  0.97400340869776802     
          32          13  0.94217092926516033     
          33          13  0.91611118582729789     
          34          13  0.89840290716406124     
          35          13  0.89070607319856288     
          36          13  0.89355744290699868     
          37          13  0.90626262800642687     
          38          13  0.92688500083860481     
          39          13  0.95231560617853894     
          40          13  0.97839025730365625     
           1          14   1.0282570634053583     
           2          14   1.0623423624927630     
           3          14   1.0955810808451607     
           4          14   1.1225326604545385     
           5          14   1.1391352574560971     
           6          14   1.1428588288568038     
           7          14   1.1327965445663104     
           8          14   1.1096503356888767     
           9          14   1.0755898913485120     
          10          14   1.0339854784005948     
          11          14  0.98903306877607433     
          12          14  0.94530460975469732     
          13          14  0.90726605946181471     
          14          14  0.87881045526013013     
          15          14  0.86285258192797365     
          16          14  0.86102600604568902     
          17          14  0.87351305093977494     
          18          14  0.89902482262999595     
          19          14  0.93493309229370147     
          20          14  0.97754029866871195     
          21          14   1.0224597722958060     
          22          14   1.0650669713628866     
          23          14   1.1009752271620901     
          24          14   1.1264869798564361     
          25          14   1.1389740025752295     
          26          14   1.1371474036153388     
          27          14   1.1211895086700008     
          28          14   1.0927338865305067     
          29          14   1.0546953237998995     
          30          14   1.0109668590870169     
          31          14  0.96601445104938433     
          32          14  0.92441004671902405     
          33          14  0.89034961700724469     
          34          14  0.86720342705536169     
          35          14  0.85714116371228277     
          36          14  0.86086475541282959     
          37          14  0.87746736917187595     
          38          14  0.90441895900841773     
          39          14  0.93765767802407696     
          40          14  0.97174296503627922     
           1          15   1.0319858467967200     
           2          15   1.0705641940196184     
           3          15   1.1081821326254107     
           4          15   1.1386833521385860     
           5          15   1.1574716639245244     
           6          15   1.1616842727687338     
           7          15   1.1502952456398654     
           8          15   1.1240991747598792     
           9          15   1.0855516239201950     
          10          15   1.0384667808281380     
          11          15  0.98759323324705584     
          12          15  0.93810502742641333     
          13          15  0.89505624372397252     
          14          15  0.86285258192797321     
          15          15  0.84479265602359177     
          16          15  0.84272513394008997     
          17          15  0.85685632354325791     
          18          15  0.88572756908566042     
          19          15  0.92636450176728991     
          20          15  0.97458259910046985     
          21          15   1.0254174812091457     
          22          15   1.0736355702719051     
          23          15   1.1142724872629914     
          24          15   1.1431437113076024     
          25          15   1.1572748758147218     
          26          15   1.1552073276138679     
          27          15   1.1371473772492164     
          28          15   1.1049436951521059     
          29          15   1.0618948973726885     
          30          15   1.0124066851094127     
          31          15  0.96153313932228301     
          32          15  0.91444830598042925     
          33          15  0.87590077169333747     
          34          15  0.84970472222866644     
          35          15  0.83831571880333944     
          36          15  0.84252835061867482     
          37          15  0.86131668136781692     
          38          15  0.89181791245547937     
          39          15  0.92943585181483979     
          40          15  0.96801418537888007     
           1          16   1.0324158829925041     
           2          16   1.0715105111032122     
           3          16   1.1096307704493695     
           4          16   1.1405386616018776     
           5          16   1.1595770237984473     
           6          16   1.1638451269752328     
           7          16   1.1523035272340818     
           8          16   1.1257575196606817     
           9          16   1.0866954663337045     
          10          16   1.0389824277087614     
          11          16  0.98743029330294985     
          12          16  0.93728206482045884     
          13          16  0.89365916908582643     
          14          16  0.86102600604568835     
          15          16  0.84272513394008941     
          16          16  0.84062984215818748     
          17          16  0.85494917435127837     
          18          16  0.88420502426984915     
          19          16  0.92538337539069138     
          20          16  0.97424393201639847     
          21          16   1.0257561493631961     
          22          16   1.0746166976082214     
          23          16   1.1157950328293260     
          24          16   1.1450508609634626     
          25          16   1.1593701677258392     
          26          16   1.1572748494782223     
          27          16   1.1389739525859686     
          28          16   1.1063407689736353     
          29          16   1.0627178589737438     
          30          16   1.0125696239619169     
          31          16  0.96101749137295644     
          32          16  0.91330446262698983     
          33          16  0.87424242607191260     
          34          16  0.84769644019789181     
          35          16  0.83615486447491172     
          36          16  0.84042299092794126     
          37          16  0.85946137233991915     
          38          16  0.89036927522148257     
          39          16  0.92848953533282819     
          40          16  0.96758414960602779     
           1          17   1.0295052489104544     
           2          17   1.0650884036032691     
           3          17   1.0997841725372051     
           4          17   1.1279151900616424     
           5          17   1.1452428613127437     
           6          17   1.1491271829990217     
           7          17   1.1386221811809047     
           8          17   1.1144608538394909     
           9          17   1.0789080280128602     
          10          17   1.0354815211866482     
          11          17  0.98856089820877302     
          12          17  0.94291809355569578     
          13          17  0.90321438461410630     
          14          17  0.87351305093977405     
          15          17  0.85685632354325714     
          16          17  0.85494917435127793     
          17          17  0.86798185821220464     
          18          17  0.89460906697132381     
          19          17  0.93208758068637010     
          20          17  0.97655807904674541     
          21          17   1.0234419950209632     
          22          17   1.0679124857536155     
          23          17   1.1053909849974244     
          24          17   1.1320181739293036     
          25          17   1.1450508346442820     
          26          17   1.1431436613643013     
          27          17   1.1264869114079294     
          28          17   1.0967855590094793     
          29          17   1.0570818370839736     
          30          17   1.0114390264877715     
          31          17  0.96451840516299436     
          32          17  0.92109190732757229     
          33          17  0.88553909676529097     
          34          17  0.86137778917296959     
          35          17  0.85087280921444464     
          36          17  0.85475715208518155     
          37          17  0.87208484082501658     
          38          17  0.90021586902487916     
          39          17  0.93491163865606419     
          40          17  0.97049478075631412     
           1          18   1.0235550777515852     
           2          18   1.0519618556321124     
           3          18   1.0796599801170519     
           4          18   1.1021172396685464     
           5          18   1.1159499899952101     
           6          18   1.1190507423861153     
           7          18   1.1106643536840721     
           8          18   1.0913760069622858     
           9          18   1.0629937475658411     
          10          18   1.0283258856287816     
          11          18  0.99086866533018747     
          12          18  0.95443155862098483     
          13          18  0.92273569655517018     
          14          18  0.89902482262999484     
          15          18  0.88572756908565964     
          16          18  0.88420502426984882     
          17          18  0.89460906697132359     
          18          18  0.91586572514713394     
          19          18  0.94578506394491213     
          20          18  0.98128615777290695     
          21          18   1.0187139013558220     
          22          18   1.0542149890945378     
          23          18   1.0841343163397974     
          24          18   1.1053909586873389     
          25          18   1.1157949829111784     
          26          18   1.1142724188656628     
          27          18   1.1009751473115283     
          28          18   1.0772642584386216     
          29          18   1.0455683860074874     
          30          18   1.0091312745536449     
          31          18  0.97167405557449593     
          32          18  0.93700620081458341     
          33          18  0.90862395360349257     
          34          18  0.88933562264725941     
          35          18  0.88094925139562030     
          36          18  0.88405002069803029     
          37          18  0.89788278498599194     
          38          18  0.92034005305985700     
          39          18  0.94803817810179014     
          40          18  0.97644494593033770     
           1          19   1.0151788531116988     
           2          19   1.0334839591347724     
           3          19   1.0513323333830065     
           4          19   1.0658035054007775     
           5          19   1.0747171209608832     
           6          19   1.0767151589796076     
           7          19   1.0713110276934048     
           8          19   1.0588818199161962     
           9          19   1.0405926212757266     
          10          19   1.0182530719201681     
          11          19  0.99411610538215589     
          12          19  0.97063649350281622     
          13          19  0.95021208155278281     
          14          19  0.93493309229370014     
          15          19  0.92636450176728868     
          16          19  0.92538337539069071     
          17          19  0.93208758068636954     
          18          19  0.94578506394491191     
          19          19  0.96506466057047513     
          20          19  0.98794106396141368     
          21          19   1.0120589741402992     
          22          19   1.0349353736073865     
          23          19   1.0542149627886575     
          24          19   1.0679124358476677     
          25          19   1.0746166292365933     
          26          19   1.0736354904686112     
          27          19   1.0650668883368970     
          28          19   1.0497878894456549     
          29          19   1.0293634708162938     
          30          19   1.0058838558795025     
          31          19  0.98174689019163852     
          32          19  0.95940734546084006     
          33          19  0.94111815467234261     
          34          19  0.92868895705413690     
          35          19  0.92328483701264097     
          36          19  0.92528288592883634     
          37          19  0.93419651048538255     
          38          19  0.94866768799489043     
          39          19  0.96651606260217759     
          40          19  0.98482116214816073     
           1          20   1.0052394619811931     
           2          20   1.0115580227324446     
           3          20   1.0177189164238838     
           4          20   1.0227140621623516     
           5          20   1.0257908508030238     
           6          20   1.0264805245987703     
           7          20   1.0246151242184887     
           8          20   1.0203248154736850     
           9          20   1.0140117621805325     
          10          20   1.0063006143658997     
          11          20  0.99796903725970187     
          12          20  0.98986436619076701     
          13          20  0.98281428649961855     
          14          20  0.97754029866871039     
          15          20  0.97458259910046829     
          16          20  0.97424393201639714     
          17          20  0.97655807904674441     
          18          20  0.98128615777290629     
          19          20  0.98794106396141324     
          20          20  0.99583751174672208     
          21          20   1.0041625014051787     
          22          20   1.0120589478360564     
          23          20   1.0187138514549501     
          24          20   1.0234419266604473     
          25          20   1.0257560695808323     
          26          20   1.0254173982195136     
          27          20   1.0224596946453610     
          28          20   1.0171857034896283     
          29          20   1.0101356214929085     
          30          20   1.0020309493685950     
          31          20  0.99369937255583740     
          32          20  0.98598822633755911     
          33          20  0.97967517575472529     
          34          20  0.97538487051657852     
          35          20  0.97351947401771766     
          36          20  0.97420915157502974     
          37          20  0.97728594332107843     
          38          20  0.98228109095518368     
          39          20  0.98844198477058109     
          40          20  0.99476054328611885     
           1          21  0.99476052146565841     
           2          21  0.98844194075111513     
           3          21  0.98228102759409164     
           4          21  0.97728586607301404     
           5          21  0.97420906771076343     
           6          21  0.97351939173564783     
           7          21  0.97538479800952826     
           8          21  0.97967512030968107     
           9          21  0.98598819354929024     
          10          21  0.99369936572785966     
          11          21   1.0020309691583649     
          12          21   1.0101356658347260     
          13          21   1.0171857678012484     
          14          21   1.0224597722958042     
          15          21   1.0254174812091437     
          16          21   1.0257561493631944     
          17          21   1.0234419950209623     
          18          21   1.0187139013558211     
          19          21   1.0120589741402988     
          20          21   1.0041625014051787     
          21          21  0.99583748544288175     
          22          21  0.98794101406219614     
          23          21  0.98128608941629514     
          24          21  0.97655799927182929     
          25          21  0.97424384903957173     
          26          21  0.97458252147088320     
          27          21  0.97754023439014537     
          28          21  0.98281424220953606     
          29          21  0.98986434648163735     
          30          21  0.99796904421338106     
          31          21   1.0063006473504452     
          32          21   1.0140118179326549     
          33          21   1.0203248884619365     
          34          21   1.0246152072554213     
          35          21   1.0264806096478689     
          36          21   1.0257909299111763     
          37          21   1.0227141284435388     
          38          21   1.0177189650268179     
          39          21   1.0115580517458356     
          40          21   1.0052394732670125     
           1          22  0.98482113204079369     
           2          22  0.96651600811091221     
           3          22  0.94866761640205699     
           4          22  0.93419643022715249     
           5          22  0.92528280594660961     
           6          22  0.92328476597283093     
           7          22  0.92868890254549863     
           8          22  0.94111812248185156     
           9          22  0.95940733901438136     
          10          22  0.98174691022455729     
          11          22   1.0058839003756881     
          12          22   1.0293635352251185     
          13          22   1.0497879671563664     
          14          22   1.0650669713628849     
          15          22   1.0736355702719032     
          16          22   1.0746166976082199     
          17          22   1.0679124857536144     
          18          22   1.0542149890945369     
          19          22   1.0349353736073859     
          20          22   1.0120589478360560     
          21          22  0.98794101406219603     
          22          22  0.96506459221472085     
          23          22  0.94578498417186918     
          24          22  0.93208749771233368     
          25          22  0.92538329776449268     
          26          22  0.92636443749220510     
          27          22  0.93493304800653698     
          28          22  0.95021206184522355     
          29          22  0.97063650045580629     
          30          22  0.99411613836269186     
          31          22   1.0182531276636739     
          32          22   1.0405926942490853     
          33          22   1.0588819029296348     
          34          22   1.0713111127069748     
          35          22   1.0767152380349245     
          36          22   1.0747171871636645     
          37          22   1.0658035538866721     
          38          22   1.0513323622200255     
          39          22   1.0334839701521166     
          40          22   1.0151788526993317     
           1          23  0.97644491063700101     
           2          23  0.94803811875130461     
           3          23  0.92033998060958588     
           4          23  0.89788270998480491     
           5          23  0.88404995283704546     
           6          23  0.88094919891662427     
           7          23  0.88933559175324595     
           8          23  0.90862394798527113     
           9          23  0.93700622137615674     
          10          23  0.97167410040714197     
          11          23   1.0091313391751844     
          12          23   1.0455684638509235     
          13          23   1.0772643415454750     
          14          23   1.1009752271620885     
          15          23   1.1142724872629897     
          16          23   1.1157950328293245     
          17          23   1.1053909849974233     
          18          23   1.0841343163397963     
          19          23   1.0542149627886566     
          20          23   1.0187138514549494     
          21          23  0.98128608941629480     
          22          23  0.94578498417186896     
          23          23  0.91586564217325350     
          24          23  0.89460898934390354     
          25          23  0.88420495998964632     
          26          23  0.88572752478569450     
          27          23  0.89902480289640352     
          28          23  0.92273570346075529     
          29          23  0.95443159152063139     
          30          23  0.99086872094101319     
          31          23   1.0283259583896101     
          32          23   1.0629938302434447     
          33          23   1.0913760914489701     
          34          23   1.1106644319154342     
          35          23   1.1190508073016425     
          36          23   1.1159500364697086     
          37          23   1.1021172653606446     
          38          23   1.0796599862134888     
          39          23   1.0519618475147763     
          40          23   1.0235550656810641     
           1          24  0.97049474391240276     
           2          24  0.93491158056036938     
           3          24  0.90021580318147176     
           4          24  0.87208477880899171     
           5          24  0.85475710333906707     
           6          24  0.85087278070622874     
           7          24  0.86137778508060781     
           8          24  0.88553911830285126     
           9          24  0.92109195278363643     
          10          24  0.96451847018098913     
          11          24   1.0114391045808147     
          12          24   1.0570819203449193     
          13          24   1.0967856389517974     
          14          24   1.1264869798564352     
          15          24   1.1431437113076013     
          16          24   1.1450508609634613     
          17          24   1.1320181739293027     
          18          24   1.1053909586873376     
          19          24   1.0679124358476666     
          20          24   1.0234419266604466     
          21          24  0.97655799927182907     
          22          24  0.93208749771233346     
          23          24  0.89460898934390343     
          24          24  0.86798179392918307     
          25          24  0.85494913004097772     
          26          24  0.85685630378484490     
          27          24  0.87351305779587118     
          28          24  0.90321441742463104     
          29          24  0.94291814901542848     
          30          24  0.98856097072265947     
          31          24   1.0354816034693863     
          32          24   1.0789081118759467     
          33          24   1.1144609310923785     
          34          24   1.1386222445655247     
          35          24   1.1491272270803066     
          36          24   1.1452428832630039     
          37          24   1.1279151903043412     
          38          24   1.0997841552564336     
          39          24   1.0650883771802868     
          40          24   1.0295052264208211     
           1          25  0.96758411500779040     
           2          25  0.92848948447916335     
           3          25  0.89036922277246422     
           4          25  0.85946132970442224     
           5          25  0.84042296632677760     
           6          25  0.83615486288378893     
           7          25  0.84769646333849313     
           8          25  0.87424247255559606     
           9          25  0.91330452830236297     
          10          25  0.96101756988367404     
          11          25   1.0125697074841480     
          12          25   1.0627179390745298     
          13          25   1.1063408375127175     
          14          25   1.1389740025752288     
          15          25   1.1572748758147211     
          16          25   1.1593701677258381     
          17          25   1.1450508346442811     
          18          25   1.1157949829111777     
          19          25   1.0746166292365928     
          20          25   1.0257560695808321     
          21          25  0.97424384903957151     
          22          25  0.92538329776449257     
          23          25  0.88420495998964599     
          24          25  0.85494913004097750     
          25          25  0.84062982239013595     
          26          25  0.84272514076696925     
          27          25  0.86102603879311745     
          28          25  0.89365922442782475     
          29          25  0.93728213713127195     
          30          25  0.98743037525099020     
          31          25   1.0389825110346131     
          32          25   1.0866955427369465     
          33          25   1.1257575817118122     
          34          25   1.1523035692295347     
          35          25   1.1638451456660663     
          36          25   1.1595770189468324     
          37          25   1.1405386363537784     
          38          25   1.1096307315566802     
          39          25   1.0715104690847930     
          40          25   1.0324158523936757     
           1          26  0.96801415659352230     
           2          26  0.92943581344901982     
           3          26  0.89181787881517149     
           4          26  0.86131666251976879     
           5          26  0.84252835271394211     
           6          26  0.83831574431123923     
           7          26  0.84970477023555191     
           8          26  0.87590083834924892     
           9          26  0.91444838512022431     
          10          26  0.96153322324359869     
          11          26   1.0124067654568960     
          12          26   1.0618949660563073     
          13          26   1.1049437452170203     
          14          26   1.1371474036153388     
          15          26   1.1552073276138675     
          16          26   1.1572748494782217     
          17          26   1.1431436613643007     
          18          26   1.1142724188656623     
          19          26   1.0736354904686110     
          20          26   1.0254173982195132     
          21          26  0.97458252147088287     
          22          26  0.92636443749220487     
          23          26  0.88572752478569439     
          24          26  0.85685630378484468     
          25          26  0.84272514076696903     
          26          26  0.84479268874867242     
          27          26  0.86285263720746819     
          28          26  0.89505631590689538     
          29          26  0.93810510914458323     
          30          26  0.98759331618662705     
          31          26   1.0384668566059716     
          32          26   1.0855516849791438     
          33          26   1.1240992151975282     
          34          26   1.1502952618959121     
          35          26   1.1616842641166858     
          36          26   1.1574716327428594     
          37          26   1.1386833039738311     
          38          26   1.1081820761039427     
          39          26   1.0705641407165265     
          40          26   1.0319858112308808     
           1          27  0.97174294503608050     
           2          27  0.93765765611298191     
           3          27  0.90441894766398068     
           4          27  0.87746737608004610     
           5          27  0.86086478401884092     
           6          27  0.85714121372182828     
           7          27  0.86720349501062433     
           8          27  0.89034969699082434     
           9          27  0.92441013118493875     
          10          27  0.96601453174129137     
          11          27   1.0109669279782725     
          12          27   1.0546953739772771     
          13          27   1.0927339129424569     
          14          27   1.1211895086700008     
          15          27   1.1371473772492164     
          16          27   1.1389739525859681     
          17          27   1.1264869114079288     
          18          27   1.1009751473115279     
          19          27   1.0650668883368966     
          20          27   1.0224596946453608     
          21          27  0.97754023439014504     
          22          27  0.93493304800653665     
          23          27  0.89902480289640319     
          24          27  0.87351305779587118     
          25          27  0.86102603879311745     
          26          27  0.86285263720746808     
          27          27  0.87881052739985899     
          28          27  0.90726614106520653     
          29          27  0.94530469246810656     
          30          27  0.98903314415861487     
          31          27   1.0339855388087085     
          32          27   1.0755899307475068     
          33          27   1.1096503503130399     
          34          27   1.1327965333676944     
          35          27   1.1428587937090819     
          36          27   1.1391352031122350     
          37          27   1.1225325942935473     
          38          27   1.0955810124824523     
          39          27   1.0623423033701895     
          40          27   1.0282570265222899     
           1          28  0.97839024816201814     
           2          28  0.95231560300556639     
           3          28  0.92688501299625903     
           4          28  0.90626266000479994     
           5          28  0.89355749512626603     
           6          28  0.89070614260627012     
           7          28  0.89840298810961627     
           8          28  0.91611127093118616     
           9          28  0.94217101037466711     
          10          28  0.97400347785121411     
          11          28   1.0083980685188587     
          12          28   1.0418564464528439     
          13          28   1.0709613495451042     
          14          28   1.0927338865305067     
          15          28   1.1049436951521057     
          16          28   1.1063407689736351     
          17          28   1.0967855590094788     
          18          28   1.0772642584386212     
          19          28   1.0497878894456547     
          20          28   1.0171857034896281     
          21          28  0.98281424220953606     
          22          28  0.95021206184522367     
          23          28  0.92273570346075529     
          24          28  0.90321441742463104     
          25          28  0.89365922442782497     
          26          28  0.89505631590689538     
          27          28  0.90726614106520653     
          28          28  0.92903869177467102     
          29          28  0.95814360438205748     
          30          28  0.99160198666866906     
          31          28   1.0259965761191983     
          32          28   1.0578290369984460     
          33          28   1.0838887652447193     
          34          28   1.1015970335809073     
          35          28   1.1092938630518727     
          36          28   1.1064424949956047     
          37          28   1.0937373172926912     
          38          28   1.0731149564761404     
          39          28   1.0476843659636781     
          40          28   1.0216097300569558     
           1          29  0.98727731477918090     
           2          29  0.97191140448873792     
           3          29  0.95691834944294707     
           4          29  0.94475635839848948     
           5          29  0.93726075242760798     
           6          29  0.93557499244457065     
           7          29  0.94010952373006285     
           8          29  0.95054839300576732     
           9          29  0.96591297260055153     
          10          29  0.98468261687844327     
          11          29   1.0049639042664502     
          12          29   1.0246936449161019     
          13          29   1.0418564199772846     
          14          29   1.0546953237998999     
          15          29   1.0618948973726885     
          16          29   1.0627178589737438     
          17          29   1.0570818370839732     
          18          29   1.0455683860074869     
          19          29   1.0293634708162933     
          20          29   1.0101356214929080     
          21          29  0.98986434648163746     
          22          29  0.97063650045580652     
          23          29  0.95443159152063173     
          24          29  0.94291814901542903     
          25          29  0.93728213713127251     
          26          29  0.93810510914458334     
          27          29  0.94530469246810678     
          28          29  0.95814360438205748     
          29          29  0.97530638505158707     
          30          29  0.99503612826411258     
          31          29   1.0153174149292650     
          32          29   1.0340870553103534     
          33          29   1.0494516282946613     
          34          29   1.0598904890201117     
          35          29   1.0644250108430053     
          36          29   1.0627392416909021     
          37          29   1.0552436281526889     
          38          29   1.0430816324936751     
          39          29   1.0280885771586561     
          40          29   1.0127226723415885     
           1          30  0.99749772443707907     
           2          30  0.99444409063491679     
           3          30  0.99145011713741382     
           4          30  0.98901349011993200     
           5          30  0.98750582403148679     
           6          30  0.98715904687679767     
           7          30  0.98805734251533439     
           8          30  0.99013866191184263     
           9          30  0.99320766566652574     
          10          30  0.99696005145985422     
          11          30   1.0010165870025207     
          12          30   1.0049638777143854     
          13          30   1.0083980181928665     
          14          30   1.0109668590870173     
          15          30   1.0124066851094129     
          16          30   1.0125696239619169     
          17          30   1.0114390264877711     
          18          30   1.0091312745536445     
          19          30   1.0058838558795018     
          20          30   1.0020309493685946     
          21          30  0.99796904421338117     
          22          30  0.99411613836269186     
          23          30  0.99086872094101353     
          24          30  0.98856097072266014     
          25          30  0.98743037525099087     
          26          30  0.98759331618662716     
          27          30  0.98903314415861510     
          28          30  0.99160198666866906     
          29          30  0.99503612826411247     
          30          30  0.99898341948106262     
          31          30   1.0030399548686089     
          32          30   1.0067923398689345     
          33          30   1.0098613422851013     
          34          30   1.0119426599531616     
          35          30   1.0128409536802676     
          36          30   1.0124941746746763     
          37          30   1.0109865070609523     
          38          30   1.0085498791188603     
          39          30   1.0055559055784280     
          40          30   1.0025022729109661     
           1          31   1.0080121729669120     
           2          31   1.0176188149525274     
           3          31   1.0269603270631378     
           4          31   1.0345202757506287     
           5          31   1.0391664608822899     
           6          31   1.0401942912777109     
           7          31   1.0373528415060480     
           8          31   1.0308411974235443     
           9          31   1.0212692618326680     
          10          31   1.0095831033149740     
          11          31  0.99696002483677071     
          12          31  0.98468256638708362     
          13          31  0.97400340869776825     
          14          31  0.96601445104938444     
          15          31  0.96153313932228324     
          16          31  0.96101749137295611     
          17          31  0.96451840516299403     
          18          31  0.97167405557449571     
          19          31  0.98174689019163830     
          20          31  0.99369937255583707     
          21          31   1.0063006473504450     
          22          31   1.0182531276636739     
          23          31   1.0283259583896103     
          24          31   1.0354816034693870     
          25          31   1.0389825110346136     
          26          31   1.0384668566059718     
          27          31   1.0339855388087089     
          28          31   1.0259965761191987     
          29          31   1.0153174149292652     
          30          31   1.0030399548686089     
          31          31  0.99041687681798618     
          32          31  0.97873072069670441     
          33          31  0.96915878918516185     
          34          31  0.96264715038482718     
          35          31  0.95980570646169872     
          36          31  0.96083354252640785     
          37          31  0.96547973234133477     
          38          31  0.97303968389581619     
          39          31  0.98238119621739428     
          40          31  0.99198783488261211     
           1          32   1.0177576819031926     
           2          32   1.0390874137845287     
           3          32   1.0598463619890062     
           4          32   1.0766563788517645     
           5          32   1.0869950142067470     
           6          32   1.0892918234975850     
           7          32   1.0829861936178631     
           8          32   1.0685190766954737     
           9          32   1.0472456686658207     
          10          32   1.0212692351866957     
          11          32  0.99320761504908928     
          12          32  0.96591290317818002     
          13          32  0.94217092926516066     
          14          32  0.92441004671902427     
          15          32  0.91444830598042937     
          16          32  0.91330446262698972     
          17          32  0.92109190732757196     
          18          32  0.93700620081458319     
          19          32  0.95940734546083972     
          20          32  0.98598822633755889     
          21          32   1.0140118179326549     
          22          32   1.0405926942490855     
          23          32   1.0629938302434450     
          24          32   1.0789081118759474     
          25          32   1.0866955427369474     
          26          32   1.0855516849791440     
          27          32   1.0755899307475074     
          28          32   1.0578290369984464     
          29          32   1.0340870553103536     
          30          32   1.0067923398689347     
          31          32  0.97873072069670475     
          32          32  0.95275429256379751     
          33          32  0.93148089362504227     
          34          32  0.91701378846971460     
          35          32  0.91070817161615492     
          36          32  0.91300499353145037     
          37          32  0.92334363931107422     
          38          32  0.94015366254684030     
          39          32  0.96091261119807669     
          40          32  0.98224233564423646     
           1          33   1.0257603372901685     
           2          33   1.0566966286315402     
           3          33   1.0868031901679645     
           4          33   1.1111821373691666     
           5          33   1.1261756036376964     
           6          33   1.1295058069872856     
           7          33   1.1203593017672580     
           8          33   1.0993752732906370     
           9          33   1.0685190501563575     
          10          33   1.0308411468382643     
          11          33  0.99013859233494506     
          12          33  0.95054831150173968     
          13          33  0.91611118582729800     
          14          33  0.89034961700724491     
          15          33  0.87590077169333747     
          16          33  0.87424242607191249     
          17          33  0.88553909676529063     
          18          33  0.90862395360349235     
          19          33  0.94111815467234261     
          20          33  0.97967517575472529     
          21          33   1.0203248884619369     
          22          33   1.0588819029296352     
          23          33   1.0913760914489707     
          24          33   1.1144609310923792     
          25          33   1.1257575817118128     
          26          33   1.1240992151975286     
          27          33   1.1096503503130402     
          28          33   1.0838887652447198     
          29          33   1.0494516282946622     
          30          33   1.0098613422851019     
          31          33  0.96915878918516241     
          32          33  0.93148089362504261     
          33          33  0.90062468368016202     
          34          33  0.87964067227388598     
          35          33  0.87049418594896666     
          36          33  0.87382440760869295     
          37          33  0.88881788899376601     
          38          33  0.91319684543210655     
          39          33  0.94330340760867504     
          40          33  0.97423968815986606     
           1          34   1.0312404226302814     
           2          34   1.0687194431395246     
           3          34   1.1051777117834276     
           4          34   1.1346927334647940     
           5          34   1.1528398639571156     
           6          34   1.1568631028298266     
           7          34   1.1457781997933278     
           8          34   1.1203592756026133     
           9          34   1.0829861434389001     
          10          34   1.0373527721316775     
          11          34  0.98805726086569345     
          12          34  0.94010943806873604     
          13          34  0.89840290716406135     
          14          34  0.86720342705536169     
          15          34  0.84970472222866611     
          16          34  0.84769644019789125     
          17          34  0.86137778917296925     
          18          34  0.88933562264725918     
          19          34  0.92868895705413690     
          20          34  0.97538487051657863     
          21          34   1.0246152072554215     
          22          34   1.0713111127069752     
          23          34   1.1106644319154346     
          24          34   1.1386222445655254     
          25          34   1.1523035692295356     
          26          34   1.1502952618959126     
          27          34   1.1327965333676946     
          28          34   1.1015970335809082     
          29          34   1.0598904890201124     
          30          34   1.0119426599531620     
          31          34  0.96264715038482762     
          32          34  0.91701378846971493     
          33          34  0.87964067227388609     
          34          34  0.85422176874835754     
          35          34  0.84313688858357405     
          36          34  0.84716014961615893     
          37          34  0.86530729839863596     
          38          34  0.89482233125167399     
          39          34  0.93128060066575058     
          40          34  0.96875960812650452     
           1          35   1.0336997010823463     
           2          35   1.0740470788497372     
           3          35   1.1132630593774095     
           4          35   1.1449957412271945     
           5          35   1.1644960082899554     
           6          35   1.1688041311660036     
           7          35   1.1568630775166617     
           8          35   1.1295057579385555     
           9          35   1.0892917551066175     
          10          35   1.0401942101663006     
          11          35  0.98715896112750701     
          12          35  0.93557491071388199     
          13          35  0.89070607319856310     
          14          35  0.85714116371228277     
          15          35  0.83831571880333910     
          16          35  0.83615486447491139     
          17          35  0.85087280921444419     
          18          35  0.88094925139562030     
          19          35  0.92328483701264119     
          20          35  0.97351947401771810     
          21          35   1.0264806096478694     
          22          35   1.0767152380349247     
          23          35   1.1190508073016432     
          24          35   1.1491272270803075     
          25          35   1.1638451456660679     
          26          35   1.1616842641166869     
          27          35   1.1428587937090824     
          28          35   1.1092938630518736     
          29          35   1.0644250108430060     
          30          35   1.0128409536802678     
          31          35  0.95980570646169883     
          32          35  0.91070817161615503     
          33          35  0.87049418594896655     
          34          35  0.84313688858357383     
          35          35  0.83119585951448449     
          36          35  0.83550400619898102     
          37          35  0.85500429290397584     
          38          35  0.88673698674270252     
          39          35  0.92595296809089211     
          40          35  0.96630033186411890     
           1          36   1.0329824035150703     
           2          36   1.0723235776862678     
           3          36   1.1105058541856454     
           4          36   1.1413780509238769     
           5          36   1.1603330139088657     
           6          36   1.1644959845890956     
           7          36   1.1528398172718950     
           8          36   1.1261755376749376     
           9          36   1.0869949350557264     
          10          36   1.0391663762436500     
          11          36  0.98750574233258159     
          12          36  0.93726068189639811     
          13          36  0.89355744290699879     
          14          36  0.86086475541282947     
          15          36  0.84252835061867448     
          16          36  0.84042299092794059     
          17          36  0.85475715208518144     
          18          36  0.88405002069803040     
          19          36  0.92528288592883690     
          20          36  0.97420915157503030     
          21          36   1.0257909299111769     
          22          36   1.0747171871636649     
          23          36   1.1159500364697095     
          24          36   1.1452428832630053     
          25          36   1.1595770189468340     
          26          36   1.1574716327428607     
          27          36   1.1391352031122359     
          28          36   1.1064424949956053     
          29          36   1.0627392416909023     
          30          36   1.0124941746746765     
          31          36  0.96083354252640774     
          32          36  0.91300499353145037     
          33          36  0.87382440760869307     
          34          36  0.84716014961615915     
          35          36  0.83550400619898124     
          36          36  0.83966700001694583     
          37          36  0.85862198207499663     
          38          36  0.88949419043749245     
          39          36  0.92767646771687406     
          40          36  0.96701762832682026     
           1          37   1.0293035963289310     
           2          37   1.0640108625197913     
           3          37   1.0976097577240111     
           4          37   1.1247421829215873     
           5          37   1.1413780299255032     
           6          37   1.1449956987938552     
           7          37   1.1346926723077513     
           8          37   1.1111820627272941     
           9          37   1.0766562977347496     
          10          37   1.0345201960787345     
          11          37  0.98901341982030144     
          12          37  0.94475630453279791     
          13          37  0.90626262800642676     
          14          37  0.87746736917187562     
          15          37  0.86131668136781647     
          16          37  0.85946137233991859     
          17          37  0.87208484082501647     
          18          37  0.89788278498599194     
          19          37  0.93419651048538299     
          20          37  0.97728594332107910     
          21          37   1.0227141284435393     
          22          37   1.0658035538866728     
          23          37   1.1021172653606455     
          24          37   1.1279151903043427     
          25          37   1.1405386363537799     
          26          37   1.1386833039738322     
          27          37   1.1225325942935485     
          28          37   1.0937373172926921     
          29          37   1.0552436281526896     
          30          37   1.0109865070609527     
          31          37  0.96547973234133488     
          32          37  0.92334363931107422     
          33          37  0.88881788899376624     
          34          37  0.86530729839863652     
          35          37  0.85500429290397617     
          36          37  0.85862198207499685     
          37          37  0.87525784578759813     
          38          37  0.90239028113517583     
          39          37  0.93598917698252071     
          40          37  0.97069643132100225     
           1          38   1.0232395254121771     
           2          38   1.0503784206201534     
           3          38   1.0765313041884659     
           4          38   1.0976097408001479     
           5          38   1.1105058185887520     
           6          38   1.1132630065454638     
           7          38   1.1051776457351490     
           8          38   1.0868031167968508     
           9          38   1.0598462882703130     
          10          38   1.0269602602170496     
          11          38  0.99145006381007772     
          12          38  0.95691831497405266     
          13          38  0.92688500083860470     
          14          38  0.90441895900841751     
          15          38  0.89181791245547926     
          16          38  0.89036927522148224     
          17          38  0.90021586902487916     
          18          38  0.92034005305985689     
          19          38  0.94866768799489043     
          20          38  0.98228109095518401     
          21          38   1.0177189650268184     
          22          38   1.0513323622200261     
          23          38   1.0796599862134897     
          24          38   1.0997841552564347     
          25          38   1.1096307315566811     
          26          38   1.1081820761039436     
          27          38   1.0955810124824530     
          28          38   1.0731149564761413     
          29          38   1.0430816324936760     
          30          38   1.0085498791188610     
          31          38  0.97303968389581641     
          32          38  0.94015366254684019     
          33          38  0.91319684543210689     
          34          38  0.89482233125167465     
          35          38  0.88673698674270329     
          36          38  0.88949419043749300     
          37          38  0.90239028113517628     
          38          38  0.92346872553042569     
          39          38  0.94962160951222208     
          40          38  0.97676049557275058     
           1          39   1.0156699467391606     
           2          39   1.0334162203373694     
           3          39   1.0503784091713890     
           4          39   1.0640108368040682     
           5          39   1.0723235378020868     
           6          39   1.0740470272774467     
           7          39   1.0687193841514162     
           8          39   1.0566965676387265     
           9          39   1.0390873566439154     
          10          39   1.0176187672771977     
          11          39  0.99444405716105144     
          12          39  0.97191138855284098     
          13          39  0.95231560617853894     
          14          39  0.93765767802407696     
          15          39  0.92943585181483990     
          16          39  0.92848953533282830     
          17          39  0.93491163865606419     
          18          39  0.94803817810179014     
          19          39  0.96651606260217771     
          20          39  0.98844198477058132     
          21          39   1.0115580517458360     
          22          39   1.0334839701521172     
          23          39   1.0519618475147767     
          24          39   1.0650883771802873     
          25          39   1.0715104690847932     
          26          39   1.0705641407165269     
          27          39   1.0623423033701900     
          28          39   1.0476843659636788     
          29          39   1.0280885771586570     
          30          39   1.0055559055784284     
          31          39  0.98238119621739461     
          32          39  0.96091261119807680     
          33          39  0.94330340760867570     
          34          39  0.93128060066575125     
          35          39  0.92595296809089300     
          36          39  0.92767646771687495     
          37          39  0.93598917698252115     
          38          39  0.94962160951222230     
          39          39  0.96658379846595710     
          40          39  0.98433006616396068     
           1          40   1.0076382508526991     
           2          40   1.0156699415580319     
           3          40   1.0232395122793529     
           4          40   1.0293035744894250     
           5          40   1.0329823738734565     
           6          40   1.0336996658330653     
           7          40   1.0312403848553902     
           8          40   1.0257603005296319     
           9          40   1.0177576497187943     
          10          40   1.0080121485299049     
          11          40  0.99749771017260591     
          12          40  0.98727731209805725     
          13          40  0.97839025730365614     
          14          40  0.97174296503627910     
          15          40  0.96801418537888007     
          16          40  0.96758414960602779     
          17          40  0.97049478075631412     
          18          40  0.97644494593033782     
          19          40  0.98482116214816073     
          20          40  0.99476054328611907     
          21          40   1.0052394732670127     
          22          40   1.0151788526993322     
          23          40   1.0235550656810646     
          24          40   1.0295052264208215     
          25          40   1.0324158523936759     
          26          40   1.0319858112308808     
          27          40   1.0282570265222901     
          28          40   1.0216097300569562     
          29          40   1.0127226723415892     
          30          40   1.0025022729109663     
          31          40  0.99198783488261222     
          32          40  0.98224233564423669     
          33          40  0.97423968815986639     
          34          40  0.96875960812650497     
          35          40  0.96630033186411923     
          36          40  0.96701762832682048     
          37          40  0.97069643132100225     
          38          40  0.97676049557275069     
          39          40  0.98433006616396068     
          40          40  0.99236175417427086     
